25
50
55
151
178
267
306
313
375
404
465
515
519
584
618
645
673
702
730
743
761
777
782
786
794
795
831
865
883
913
927
931
947
965
975
1005
1144
1152
1177
1189
1190
1200
1225
1260
1265
1278
1306
1309
1417
1464
1478
1531
1543
1544
1610
1625
1732
1838
1877
1900
1997
2028
2100
2115
2143
2207
2226
2228
2236
2237
2278
2286
2430
2444
2483
2502
2532
2533
2642
2646
2649
2656
2663
2713
2715
2750
2758
2762
2769
2808
2812
2863
2893
2932
2940
2941
3149
3203
3218
3290
3340
3351
3356
3385
3397
3425
3489
3576
3588
3592
3612
3648
3653
3674
3804
3843
3845
3851
3864
3898
3899
3923
3957
3982
4035
4044
4049
4072
4084
4121
4149
4164
4177
4186
4228
4233
4266
4273
4299
4441
4493
4496
4512
4536
4540
4619
4638
4641
4684
4711
4724
4823
4855
4888
4934
4971
4974
4985
5036
5042
5093
5126
5154
5181
5195
5220
5253
5264
5300
5303
5348
5363
5383
5399
5404
5428
5437
5475
5514
5616
5633
5656
5760
5842
5844
5852
5857
5892
5896
5961
5992
5996
6136
6182
6211
6226
6234
6240
6262
6267
6271
6295
6343
6367
6377
6427
6445
6461
6507
6515
6564
6581
6589
6624
6634
6651
6684
6693
6703
6704
6707
6771
6789
6822
6849
6922
7038
7075
7111
7120
7137
7158
7161
7178
7254
7274
7286
7299
7327
7372
7463
7510
7560
7667
7670
7673
7682
7717
7736
7742
7751
7806
7807
7853
7864
7879
7916
7952
7968
7979
7980
8018
8024
8039
8143
8149
8199
8200
8203
8209
8239
8280
8284
8337
8353
8358
8377
8414
8442
8469
8496
8504
8509
8534
8616
8698
8723
8729
8801
8821
8866
8901
8957
8965
9006
9165
9177
9191
9251
9258
9408
9445
9487
9490
9497
9503
9641
9642
9653
9694
9719
9729
9733
9736
9747
9774
9798
9854
9874
9888
9912
9916
9941
9961
9981
10128
10179
10226
10260
10284
10299
10305
10362
10467
10542
10579
10683
10722
10765
10864
10885
10952
10975
10983
10990
11024
11036
11131
11163
11219
11241
11248
11257
11277
11300
11331
11348
11458
11469
11533
11565
11606
11620
11624
11644
11660
11744
11748
11830
11877
11903
11918
11945
11950
12026
12105
12146
12171
12192
12204
12224
12279
12301
12326
12345
12349
12359
12376
12390
12399
12405
12466
12491
12512
12530
12548
12554
12612
12677
12681
12708
12717
12739
12780
12812
12884
12885
12912
12940
12973
13002
13080
13083
13096
13112
13168
13206
13216
13233
13271
13308
13341
13399
13498
13541
13578
13590
13652
13692
13715
13766
13769
13772
13815
13831
13847
13914
14046
14128
14194
14218
14221
14235
14249
14255
14271
14361
14413
14464
14472
14481
14521
14542
14598
14608
14609
14656
14709
14728
14855
14879
14913
14918
14926
15018
15031
15053
15140
15176
15194
15203
15225
15257
15293
15325
15328
15356
15370
15382
15383
15407
15411
15418
15451
15511
15574
15616
15623
15690
15703
15719
15727
15733
15736
15744
15774
15786
15833
15869
15883
15884
15930
15956
15964
15996
16013
16021
16069
16080
16156
16172
16183
16291
16347
16348
16389
16435
16480
16485
16523
16539
16554
16582
16628
16672
16679
16742
16803
16827
16848
16867
16881
16903
17012
17099
17260
17288
17303
17319
17328
17416
17436
17464
17468
17544
17600
17604
17606
17612
17793
17797
17855
17856
17950
18029
18031
18068
18171
18255
18264
18272
18293
18311
18349
18364
18398
18402
18414
18416
18452
18462
18512
18611
18655
18689
18731
18741
18756
18802
18818
18824
18839
18840
18879
18883
18958
19052
19060
19119
19160
19188
19189
19202
19206
19211
19242
19246
19251
19305
19331
19399
19515
19535
19583
19678
19684
19691
19758
19777
19827
19836
19885
19889
19895
19917
19938
20020
20048
20107
20109
20115
20117
20134
20137
20138
20140
20195
20257
20292
20310
20342
20347
20374
20401
20407
20470
20471
20552
20555
20560
20598
20610
20650
20673
20681
20714
20735
20765
20766
20806
20807
20829
20836
20869
20909
20911
20965
21032
21056
21071
21087
21098
21118
21153
21178
21193
21213
21239
21263
21278
21281
21305
21354
21358
21377
21434
21466
21481
21488
21536
21577
21594
21644
21698
21704
21756
21777
21787
21789
21794
21806
21838
21840
21841
21849
21855
21857
21874
21894
21900
21948
21955
21986
22000
22062
22088
22101
22131
22140
22150
22151
22158
22209
22249
22260
22277
22322
22359
22395
22411
22425
22431
22459
22463
22467
22531
22537
22573
22692
22812
22814
22856
22881
22929
22954
22958
22975
23017
23052
23078
23116
23152
23166
23196
23225
23298
23325
23326
23335
23413
23452
23480
23490
23493
23525
23567
23586
23594
23595
23596
23609
23612
23620
23644
23716
23732
23824
23864
23924
23926
23951
23968
23988
24001
24020
24032
24062
24076
24111
24112
24127
24138
24168
24257
24261
24327
24333
24346
24355
24380
24387
24427
24449
24452
24474
24477
24566
24567
24580
24592
24616
24670
24671
24711
24718
24751
24800
24819
24844
24912
24919
24925
24927
25036
25045
25079
25091
25171
25187
25190
25210
25218
25231
25240
25281
25293
25303
25313
25342
25365
25387
25397
25436
25437
25466
25482
25504
25562
25576
25600
25632
25646
25658
25665
25667
25762
25763
25788
25797
25811
25856
25870
25930
26002
26016
26020
26050
26060
26067
26078
26085
26151
26164
26173
26188
26197
26216
26217
26220
26221
26224
26233
26234
26235
26245
26246
26257
26263
26343
26345
26358
26373
26436
26439
26468
26483
26494
26500
26501
26526
26531
26549
26551
26602
26626
26628
26642
26645
26727
26775
26780
26805
26820
26830
26874
26878
26894
26900
26904
26918
26926
26939
27043
27082
27131
27139
27174
27195
27212
27256
27269
27294
27341
27402
27408
27418
27424
27444
27506
27509
27517
27524
27552
27556
27583
27589
27600
27604
27609
27611
27633
27657
27674
27758
27787
27821
27822
27827
27855
27861
27874
27901
27908
27911
27922
27942
27943
28019
28077
28140
28144
28165
28211
28223
28240
28275
28322
28329
28393
28421
28450
28457
28491
28504
28557
28560
28566
28574
28730
28744
28745
28790
28793
28796
28840
28852
28863
28891
28895
28924
28982
29015
29018
29065
29069
29087
29107
29118
29142
29170
29195
29214
29234
29241
29306
29343
29359
29362
29368
29384
29389
29401
29403
29408
29437
29439
29449
29462
29468
29498
29557
29601
29603
29622
29638
29641
29645
29705
29732
29733
29770
29794
29811
29845
29888
29913
29951
30039
30042
30075
30086
30092
30105
30158
30209
30231
30266
30300
30319
30384
30388
30401
30426
30456
30469
30482
30493
30515
30535
30538
30543
30546
30577
30591
30593
30649
30673
30675
30704
30713
30731
30733
30811
30831
30840
30867
30881
30925
30951
30953
30986
31005
31032
31042
31071
31087
31116
31137
31195
31212
31271
31325
31328
31356
31371
31374
31402
31453
31457
31486
31491
31506
31509
31521
31547
31554
31564
31580
31593
31617
31621
31625
31637
31653
31693
31700
31711
31765
31781
31784
31794
31805
31821
31906
31932
31935
31973
32007
32029
32035
32041
32065
32069
32075
32079
32084
32085
32091
32111
32112
32119
32134
32140
32144
32156
32185
32200
32220
32242
32312
32314
32339
32385
32388
32416
32444
32477
32483
32498
32538
32548
32570
32584
32585
32591
32644
32664
32677
32685
32697
32698
32715
32744
32762
32811
32848
32869
32871
32929
32952
32986
33111
33140
33154
33162
33170
33197
33201
33222
33254
33255
33270
33274
33303
33323
33345
33375
33380
33406
33411
33427
33451
33471
33475
33478
33532
33543
33544
33555
33558
33567
33568
33620
33630
33635
33665
33693
33700
33733
33740
33743
33770
33792
33820
33830
33836
33865
33867
33868
33869
33886
33889
33900
33965
33969
33973
33979
33981
34000
34009
34062
34065
34081
34110
34116
34133
34170
34179
34184
34200
34219
34234
34262
34263
34301
34325
34353
34386
34393
34401
34479
34481
34486
34517
34535
34543
34586
34617
34631
34632
34643
34645
34649
34659
34742
34744
34780
34797
34802
34817
34824
34839
34842
34848
34862
34866
34898
34919
34933
34975
34981
35004
35014
35034
35035
35036
35039
35060
35102
35107
35118
35167
35207
35210
35261
35263
35264
35290
35296
35374
35386
35391
35407
35415
35439
35468
35470
35471
35493
35499
35503
35527
35535
35539
35554
35562
35564
35583
35588
35594
35607
35613
35648
35679
35722
35733
35753
35858
35863
35877
35896
35957
35960
35997
36009
36079
36098
36164
36165
36177
36186
36203
36205
36239
36246
36251
36293
36345
36364
36395
36398
36437
36442
36456
36520
36541
36608
36652
36681
36706
36738
36744
36781
36801
36817
36825
36850
36854
36880
36901
36914
36961
36974
36979
36984
36995
37006
37010
37012
37013
37070
37096
37097
37110
37134
37145
37219
37220
37227
37229
37244
37276
37280
37296
37307
37308
37318
37322
37332
37454
37466
37491
37513
37533
37534
37554
37560
37577
37608
37646
37729
37735
37736
37750
37758
37760
37781
37824
37843
37846
37855
37856
37899
37918
37920
37925
37952
37953
37954
37993
38015
38034
38039
38048
38056
38058
38068
38085
38087
38110
38114
38137
38144
38164
38174
38177
38203
38204
38230
38264
38290
38298
38299
38313
38316
38356
38382
38387
38395
38410
38416
38423
38474
38494
38550
38584
38622
38625
38670
38732
38737
38746
38779
38879
38966
38976
38978
38982
38993
39012
39025
39035
39056
39061
39084
39089
39099
39130
39190
39195
39197
39217
39231
39264
39282
39290
39310
39329
39352
39370
39371
39409
39411
39448
39486
39508
39514
39561
39562
39571
39575
39592
39596
39606
39610
39617
39641
39657
39794
39795
39799
39820
39825
39827
39838
39841
39850
39852
39878
39887
39897
39914
39932
39974
39994
40005
40018
40044
40053
40061
40079
40104
40167
40171
40183
40252
40275
40287
40316
40329
40350
40386
40429
40443
40466
40476
40523
40548
40554
40563
40583
40585
40587
40592
40596
40638
40673
40708
40738
40741
40790
40811
40831
40857
40900
40941
40971
40991
41006
41007
41009
41037
41039
41042
41044
41051
41061
41066
41070
41089
41093
41121
41171
41198
41225
41250
41261
41266
41288
41295
41357
41361
41371
41426
41433
41475
41489
41504
41515
41517
41567
41582
41589
41601
41609
41616
41621
41627
41639
41649
41650
41667
41737
41746
41806
41811
41817
41860
41861
41906
41949
41982
41989
42018
42022
42037
42040
42070
42075
42099
42116
42129
42134
42144
42154
42169
42183
42216
42234
42240
42253
42272
42292
42317
42329
42345
42379
42390
42394
42406
42407
42424
42430
42433
42435
42440
42457
42526
42533
42540
42543
42544
42558
42572
42574
42579
42597
42649
42685
42691
42695
42698
42712
42715
42729
42758
42774
42776
42790
42798
42817
42829
42842
42863
42878
42886
42908
42913
42924
42936
42951
42969
42972
42992
43003
43031
43037
43038
43085
43087
43091
43095
43115
43135
43139
43152
43159
43179
43187
43231
43239
43272
43301
43342
43364
43388
43396
43400
43433
43443
43483
43496
43509
43511
43512
43571
43593
43601
43636
43646
43688
43722
43723
43747
43749
43751
43763
43764
43792
43812
43822
43848
43878
43880
43885
43900
43920
43927
43936
43955
43979
43996
44012
44017
44021
44134
44135
44181
44182
44190
44195
44214
44236
44254
44286
44302
44314
44337
44355
44429
44435
44442
44460
44470
44485
44527
44542
44545
44556
44561
44565
44584
44618
44630
44634
44664
44686
44694
44699
44745
44776
44790
44796
44804
44883
44902
44958
44982
44999
45003
45051
45068
45121
45140
45180
45189
45191
45214
45269
45296
45319
45335
45356
45380
45386
45393
45394
45413
45477
45482
45502
45531
45535
45571
45581
45582
45587
45619
45620
45680
45725
45726
45734
45769
45787
45802
45819
45834
45837
45868
45905
45940
45952
45968
45972
45973
45999
46002
46078
46088
46114
46145
46216
46225
46229
46236
46238
46290
46291
46329
46365
46401
46402
46404
46411
46424
46442
46443
46475
46481
46504
46518
46523
46531
46552
46567
46602
46651
46657
46674
46676
46678
46720
46742
46779
46786
46803
46811
46814
46823
46832
46840
46847
46851
46855
46861
46863
46877
46885
46889
46892
46905
46908
46914
46927
46960
46973
47008
47051
47058
47083
47097
47106
47108
47116
47145
47204
47237
47252
47275
47309
47328
47337
47346
47427
47430
47449
47467
47470
47479
47487
47520
47530
47537
47595
47604
47607
47625
47638
47646
47676
47679
47693
47696
47736
47758
47810
47821
47839
47850
47862
47866
47874
47875
47892
47893
47898
47901
47916
47940
47969
48002
48028
48031
48040
48053
48059
48085
48086
48123
48125
48131
48133
48166
48175
48231
48238
48249
48251
48320
48332
48355
48395
48412
48420
48426
48437
48449
48457
48507
48517
48526
48547
48561
48574
48587
48618
48641
48664
48697
48727
48779
48800
48839
48847
48859
48865
48907
48943
48996
49031
49052
49072
49092
49099
49105
49146
49169
49272
49275
49281
49287
49299
49305
49321
49335
49336
49351
49367
49394
49400
49411
49442
49450
49485
49513
49520
49521
49533
49540
49553
49566
49587
49602
49605
49624
49648
49654
49668
49683
49706
49709
49725
49764
49801
49812
49815
49845
49861
49883
49961
49967
49977
49984
50018
50036
50038
50078
50107
50111
50113
50157
50168
50179
50217
50251
50256
50287
50309
50339
50340
50345
50377
50380
50403
50436
50454
50463
50518
50520
50536
50589
50593
50602
50607
50637
50638
50645
50651
50659
50667
50676
50704
50714
50724
50732
50739
50747
50788
50791
50795
50804
50874
50912
50952
50953
50956
50996
51036
51061
51092
51094
51204
51215
51227
51255
51265
51266
51288
51308
51311
51322
51329
51376
51379
51394
51416
51474
51490
51501
51506
51508
51558
51561
51578
51586
51587
51619
51631
51635
51636
51671
51688
51690
51739
51747
51760
51768
51797
51802
51806
51828
51847
51885
51895
51908
51936
51966
51981
51986
52000
52010
52058
52097
52102
52105
52112
52116
52122
52127
52143
52162
52165
52171
52187
52202
52212
52222
52260
52269
52273
52281
52319
52326
52327
52357
52376
52393
52401
52436
52438
52452
52459
52526
52537
52538
52542
52547
52548
52595
52604
52611
52615
52634
52671
52711
52727
52752
52766
52792
52815
52910
52913
52922
52944
53012
53032
53071
53080
53108
53117
53132
53135
53152
53156
53165
53193
53206
53210
53272
53276
53282
53344
53403
53421
53423
53436
53444
53556
53568
53570
53614
53618
53623
53699
53700
53716
53738
53757
53765
53777
53782
53786
53793
53802
53879
53921
53928
53981
54031
54036
54080
54106
54155
54173
54184
54268
54293
54336
54360
54423
54580
54606
54611
54653
54693
54701
54712
54718
54742
54750
54753
54795
54814
54836
54866
54952
54971
54973
55001
55068
55080
55113
55149
55153
55169
55181
55185
55195
55225
55240
55247
55258
55276
55287
55288
55322
55329
55356
55425
55450
55454
55474
55492
55505
55528
55534
55597
55691
55692
55702
55719
55759
55845
55846
55849
55855
55875
55890
55941
55968
55979
55983
55986
56000
56004
56025
56078
56084
56095
56102
56114
56116
56163
56166
56167
56179
56192
56202
56234
56240
56269
56280
56301
56313
56329
56370
56386
56391
56484
56515
56533
56552
56617
56620
56641
56673
56707
56743
56757
56769
56771
56775
56822
56841
56862
56863
56897
56908
56909
56912
56941
56961
56977
56989
57004
57143
57146
57148
57212
57231
57256
57269
57275
57283
57293
57333
57359
57432
57457
57461
57474
57480
57533
57559
57572
57610
57644
57647
57657
57672
57740
57776
57807
57845
57848
57851
57860
57887
57894
57915
57929
57936
57955
57979
57996
58015
58043
58057
58078
58090
58106
58127
58131
58178
58240
58270
58291
58298
58332
58346
58381
58384
58388
58399
58423
58456
58484
58544
58559
58579
58629
58660
58669
58692
58697
58716
58761
58763
58791
58799
58813
58814
58830
58884
58906
58909
58910
58926
58991
59006
59021
59050
59070
59080
59195
59254
59265
59281
59288
59290
59307
59354
59392
59402
59413
59426
59452
59456
59464
59562
59622
59629
59654
59659
59690
59716
59729
59743
59781
59786
59798
59801
59804
59808
59825
59845
59900
59916
59919
59966
59978
59981
59984
59990
60155
60157
60214
60215
60219
60235
60236
60320
60334
60353
60362
60390
60414
60469
60545
60549
60557
60594
60624
60627
60665
60680
60701
60718
60726
60727
60749
60775
60782
60800
60812
60845
60901
60906
60962
60994
61034
61035
61037
61101
61127
61146
61202
61216
61275
61333
61338
61345
61369
61392
61400
61419
61463
61466
61479
61491
61517
61549
61595
61613
61639
61646
61687
61715
61728
61729
61738
61827
61829
61833
61889
61898
61910
61932
61941
61948
61959
61982
62002
62034
62100
62112
62179
62196
62205
62215
62227
62228
62234
62237
62239
62254
62263
62287
62289
62309
62322
62324
62395
62431
62466
62472
62482
62505
62539
62555
62571
62584
62596
62621
62624
62675
62697
62726
62761
62766
62845
62913
62923
62939
62946
62954
62959
62969
62978
62981
63021
63031
63078
63085
63111
63139
63155
63182
63191
63204
63221
63228
63229
63240
63258
63263
63307
63348
63358
63376
63386
63387
63409
63422
63430
63464
63490
63494
63505
63540
63567
63585
63631
63655
63688
63695
63705
63738
63750
63754
63756
63768
63796
63811
63841
63889
63914
63924
63975
64030
64033
64060
64068
64071
64072
64091
64094
64095
64216
64238
64270
64286
64296
64303
64332
64372
64375
64418
64458
64478
64480
64498
64504
64515
64520
64531
64554
64558
64563
64564
64573
64603
64623
64624
64635
64638
64660
64665
64715
64721
64739
64782
64791
64804
64829
64840
64859
64863
64876
64908
64954
64960
64970
64982
65010
65023
65025
65027
65082
65084
65119
65122
65153
65166
65176
65201
65207
65249
65260
65266
65288
65289
65319
65352
65360
65381
65382
65399
65405
65414
65439
65463
65491
65539
65549
65554
65559
65585
65606
65607
65624
65637
65679
65691
65704
65719
65752
65780
65795
65831
65897
65911
65936
65955
65970
65977
65982
66005
66024
66056
66057
66078
66121
66149
66212
66232
66236
66247
66253
66273
66285
66295
66311
66392
66394
66400
66410
66423
66425
66438
66457
66465
66476
66483
66486
66521
66523
66611
66635
66668
66742
66785
66795
66800
66806
66811
66819
66821
66838
66874
66932
66936
66941
66984
66997
67063
67099
67115
67131
67136
67140
67172
67182
67186
67217
67260
67261
67271
67308
67324
67356
67386
67408
67434
67455
67468
67479
67527
67554
67612
67669
67687
67689
67696
67698
67700
67703
67734
67785
67786
67819
67844
67846
67850
67859
67899
67905
67908
67916
67953
67980
68001
68071
68073
68080
68081
68117
68131
68148
68170
68248
68250
68270
68339
68350
68365
68380
68392
68399
68448
68485
68538
68561
68575
68587
68616
68641
68677
68694
68697
68702
68717
68727
68753
68775
68779
68786
68789
68824
68864
68865
68891
68961
68972
69012
69018
69027
69041
69054
69099
69119
69140
69175
69196
69200
69229
69243
69280
69287
69296
69328
69337
69363
69393
69394
69401
69433
69450
69459
69476
69524
69541
69577
69579
69583
69591
69606
69628
69643
69653
69707
69723
69750
69761
69792
69797
69842
69894
69895
69909
69949
69952
69998
70011
70054
70065
70102
70111
70120
70179
70202
70213
70264
70269
70270
70271
70278
70305
70325
70327
70328
70355
70357
70422
70452
70498
70513
70538
70552
70573
70575
70576
70577
70584
70597
70643
70662
70707
70755
70768
70796
70808
70861
70868
70893
70898
70926
70973
70976
71002
71006
71055
71102
71140
71154
71155
71157
71179
71183
71281
71307
71337
71346
71362
71369
71377
71457
71462
71475
71488
71500
71502
71550
71557
71593
71619
71620
71621
71668
71683
71689
71693
71710
71733
71768
71792
71815
71833
71835
71840
71853
71866
71926
71927
71937
71946
71956
71977
71990
71994
72000
72072
72087
72102
72105
72164
72197
72217
72221
72222
72225
72235
72254
72298
72368
72377
72380
72411
72423
72427
72447
72455
72464
72478
72489
72492
72493
72497
72527
72557
72585
72589
72590
72591
72601
72634
72654
72662
72668
72671
72683
72684
72733
72745
72773
72781
72821
72832
72833
72843
72851
72864
72865
72873
72902
72917
72921
72940
72950
72984
73021
73047
73055
73108
73111
73118
73120
73167
73184
73195
73230
73254
73263
73284
73287
73334
73357
73451
73479
73494
73534
73536
73543
73557
73609
73667
73674
73698
73716
73717
73724
73751
73779
73804
73807
73828
73843
73846
73892
73921
73924
73937
73962
74016
74044
74106
74116
74117
74125
74129
74157
74219
74259
74275
74291
74336
74347
74376
74387
74438
74447
74468
74469
74549
74552
74570
74575
74609
74630
74649
74655
74657
74660
74675
74688
74691
74698
74701
74703
74707
74750
74771
74784
74786
74797
74814
74820
74829
74843
74869
74874
74883
74895
74911
74915
74917
74919
74974
74984
75012
75020
75072
75084
75090
75091
75119
75130
75133
75151
75252
75255
75258
75261
75264
75270
75323
75362
75383
75392
75396
75427
75440
75454
75459
75476
75478
75504
75568
75593
75663
75682
75724
75728
75768
75772
75790
75805
75833
75837
75842
75915
75924
75955
76001
76003
76009
76029
76033
76052
76092
76113
76143
76177
76181
76184
76203
76252
76287
76296
76297
76319
76328
76351
76361
76371
76385
76388
76391
76396
76405
76429
76435
76446
76451
76457
76473
76483
76497
76499
76535
76566
76578
76597
76603
76628
76646
76648
76676
76681
76690
76714
76770
76811
76816
76823
76824
76841
76846
76862
76888
76919
76954
76968
76988
76990
77073
77083
77086
77138
77139
77140
77142
77160
77162
77167
77182
77187
77189
77235
77240
77294
77297
77306
77308
77311
77315
77320
77330
77390
77393
77399
77454
77481
77486
77567
77572
77581
77611
77620
77631
77638
77645
77690
77708
77714
77778
77784
77840
77904
77921
77927
77939
77967
77974
77990
78002
78024
78036
78093
78105
78134
78142
78163
78171
78268
78279
78301
78360
78361
78386
78396
78401
78412
78416
78432
78451
78475
78478
78505
78510
78523
78526
78568
78602
78609
78662
78708
78712
78738
78799
78820
78842
78849
78853
78881
78915
78929
79003
79005
79017
79019
79033
79071
79093
79135
79173
79198
79210
79212
79222
79227
79279
79298
79337
79363
79374
79391
79399
79400
79499
79502
79513
79530
79552
79657
79669
79702
79706
79732
79734
79787
79818
79902
79925
79936
79949
79960
79962
79963
79980
79982
79997
80002
80017
80022
80063
80070
80112
80140
80146
80238
80240
80291
80307
80324
80399
80417
80425
80442
80448
80461
80473
80490
80504
80510
80511
80542
80550
80557
80586
80603
80626
80628
80629
80633
80640
80661
80677
80719
80842
80872
80883
80916
80925
80934
80939
80949
80950
80954
80957
81003
81036
81039
81067
81102
81137
81211
81225
81275
81281
81308
81320
81365
81391
81394
81422
81464
81473
81478
81485
81519
81558
81561
81565
81574
81584
81589
81592
81599
81603
81606
81619
81624
81653
81657
81678
81687
81702
81803
81829
81836
81887
81937
81939
81942
81997
82009
82036
82077
82079
82127
82134
82192
82193
82251
82277
82319
82418
82424
82443
82448
82453
82460
82480
82488
82533
82592
82609
82623
82676
82680
82691
82709
82740
82770
82791
82817
82822
82831
82869
82874
82876
82878
82925
82930
82936
82943
82951
82985
83024
83037
83038
83042
83100
83101
83131
83143
83150
83155
83161
83173
83192
83216
83246
83266
83268
83269
83277
83293
83296
83321
83342
83350
83353
83369
83371
83387
83406
83413
83429
83431
83434
83457
83460
83465
83486
83509
83545
83598
83612
83618
83634
83687
83710
83716
83733
83778
83798
83845
83853
83878
83902
83931
83935
83948
83960
83991
83998
84001
84010
84012
84035
84052
84067
84073
84090
84092
84094
84102
84103
84134
84144
84174
84228
84229
84230
84271
84290
84303
84317
84405
84423
84425
84430
84437
84444
84462
84483
84508
84514
84545
84576
84582
84584
84605
84613
84626
84634
84653
84666
84720
84755
84762
84789
84792
84799
84811
84827
84859
84866
84879
84888
84897
84911
84966
84979
84999
85022
85031
85033
85036
85038
85049
85069
85080
85121
85136
85151
85153
85159
85176
85193
85216
85225
85229
85260
85263
85273
85325
85358
85387
85389
85440
85455
85491
85521
85548
85549
85558
85576
85589
85595
85610
85618
85622
85630
85641
85652
85656
85667
85675
85681
85685
85700
85724
85737
85745
85763
85765
85775
85782
85783
85784
85812
85815
85836
85876
85902
85919
86011
86024
86043
86065
86106
86142
86174
86227
86228
86231
86238
86259
86278
86286
86352
86356
86377
86444
86449
86457
86463
86480
86490
86500
86547
86610
86647
86658
86729
86747
86750
86762
86815
86820
86831
86858
86873
86875
86917
86921
86928
86958
87033
87042
87061
87104
87136
87139
87160
87166
87171
87202
87218
87221
87284
87314
87325
87381
87417
87423
87447
87469
87502
87508
87533
87536
87544
87545
87567
87569
87613
87634
87638
87644
87708
87718
87748
87753
87754
87761
87775
87778
87817
87854
87857
87875
87892
87897
87911
87914
87932
87945
87948
87978
87988
88016
88047
88060
88069
88078
88087
88094
88173
88271
88290
88311
88330
88333
88355
88384
88398
88404
88477
88510
88547
88586
88596
88601
88607
88627
88629
88659
88666
88670
88685
88691
88699
88726
88749
88755
88859
88864
88905
88920
88932
88937
88964
88965
89020
89030
89038
89049
89050
89059
89106
89108
89111
89114
89170
89195
89199
89207
89223
89233
89234
89236
89237
89252
89264
89269
89300
89301
89329
89351
89393
89430
89458
89459
89460
89471
89489
89513
89524
89530
89552
89566
89567
89599
89623
89625
89647
89680
89710
89741
89750
89766
89813
89816
89846
89873
89884
90032
90042
90087
90100
90109
90128
90175
90239
90242
90245
90253
90289
90300
90347
90380
90432
90441
90470
90478
90510
90574
90588
90602
90640
90643
90715
90717
90743
90746
90748
90763
90767
90804
90805
90807
90841
90847
90851
90867
90928
90930
90968
90981
91035
91054
91113
91130
91162
91206
91238
91253
91291
91330
91352
91362
91380
91394
91418
91484
91524
91538
91592
91597
91605
91629
91635
91648
91703
91713
91728
91754
91777
91795
91826
91832
91837
91846
91886
91889
91893
91928
91933
91967
91978
91979
91994
92002
92018
92027
92044
92046
92062
92063
92090
92100
92104
92117
92126
92140
92172
92179
92245
92250
92301
92304
92322
92332
92392
92394
92412
92423
92434
92477
92487
92493
92507
92529
92547
92601
92618
92671
92726
92750
92763
92875
92909
92927
92946
92955
92964
92972
92979
92991
93069
93090
93117
93128
93149
93188
93213
93225
93271
93298
93343
93371
93416
93424
93465
93492
93500
93506
93513
93515
93524
93537
93574
93578
93584
93595
93625
93637
93649
93661
93666
93706
93724
93754
93772
93784
93822
93825
93836
93855
93869
93887
93935
93950
94020
94042
94198
94222
94230
94241
94249
94285
94310
94331
94338
94367
94454
94462
94464
94537
94570
94712
94745
94746
94758
94771
94773
94789
94823
94853
94855
94866
94885
94908
94914
94926
94938
94995
95065
95068
95072
95079
95106
95122
95202
95210
95214
95301
95313
95360
95425
95442
95452
95470
95478
95517
95574
95675
95695
95722
95724
95734
95777
95847
95857
95865
95925
95983
95993
96002
96007
96067
96090
96092
96138
96217
96238
96241
96257
96287
96315
96336
96398
96423
96471
96541
96545
96549
96567
96603
96606
96622
96646
96667
96719
96729
96750
96934
96955
96979
96980
97022
97059
97065
97099
97133
97190
97256
97273
97294
97301
97308
97348
97350
97352
97364
97367
97383
97417
97422
97481
97508
97548
97564
97565
97592
97614
97639
97646
97661
97683
97697
97709
97766
97792
97809
97816
97849
97851
97912
97953
98008
98027
98038
98102
98196
98203
98216
98246
98272
98273
98274
98290
98301
98307
98356
98416
98471
98518
98531
98556
98577
98600
98648
98669
98679
98730
98739
98756
98859
98862
98916
98919
98960
98979
99057
99066
99076
99085
99104
99114
99158
99162
99227
99251
99264
99286
99350
99367
99391
99411
99453
99521
99585
99604
99681
99694
99703
99740
99748
99753
99772
99803
99816
99860
99867
99896
99935
99948
99956
99966
100014
100023
100027
100036
100045
100065
100164
100266
100286
100288
100324
100325
100326
100341
100405
100417
100420
100445
100449
100483
100494
100496
100569
100572
100591
100680
100836
100852
100864
100881
100885
100901
100939
101012
101027
101046
101048
101062
101123
101159
101211
101227
101236
101291
101292
101299
101308
101319
101357
101368
101378
101397
101425
101435
101443
101465
101543
101551
101649
101671
101706
101801
101920
101923
101955
102010
102039
102044
102061
102113
102125
102241
102293
102322
102386
102396
102413
102439
102486
102507
102515
102553
102584
102594
102633
102641
102650
102685
102689
102690
102756
102764
102845
102846
102877
102890
102892
102905
102945
102957
102962
102965
102990
103046
103055
103059
103071
103111
103137
103230
103264
103301
103302
103355
103361
103395
103438
103454
103537
103541
103542
103569
103571
103574
103586
103597
103604
103620
103643
103652
103687
103689
103699
103745
103759
103804
103813
103892
103902
103957
103976
103981
103988
103999
104019
104028
104040
104047
104066
104075
104090
104098
104129
104206
104239
104256
104271
104272
104287
104310
104324
104349
104352
104374
104390
104399
104476
104521
104526
104553
104555
104570
104589
104604
104614
104616
104619
104622
104650
104657
104673
104687
104704
104705
104767
104832
104833
104835
104836
104837
104858
104882
104907
104932
104966
104978
104984
104997
105028
105040
105049
105051
105073
105235
105295
105312
105319
105324
105333
105382
105399
105418
105428
105438
105442
105445
105446
105472
105519
105538
105569
105577
105578
105579
105634
105674
105696
105715
105743
105747
105792
105842
105862
105870
105913
105938
105946
105947
105957
106083
106181
106195
106203
106224
106251
106264
106345
106383
106454
106456
106476
106519
106612
106632
106676
106701
106884
106890
106942
106978
107003
107044
107092
107107
107113
107153
107170
107212
107356
107367
107407
107454
107514
107522
107544
107588
107594
107616
107629
107678
107743
107806
107839
107842
107843
107868
107888
107925
107949
107957
108044
108058
108064
108072
108126
108144
108145
108162
108176
108230
108239
108270
108280
108305
108336
108374
108406
108409
108431
108439
108448
108571
108586
108599
108647
108661
108670
108711
108732
108757
108797
108801
108888
108923
108946
108965
109038
109072
109078
109097
109117
109183
109186
109283
109312
109339
109344
109462
109561
109595
109608
109618
109624
109634
109637
109650
109673
109784
109785
109786
109810
109813
109840
109874
109908
109951
110024
110029
110088
110110
110193
110212
110234
110237
110305
110329
110418
110419
110425
110470
110483
110513
110519
110541
110551
110578
110605
110629
110640
110680
110689
110707
110712
110720
110778
110795
110808
110832
110838
110842
110875
110902
110960
110974
110999
111001
111011
111025
111062
111099
111113
111123
111133
111161
111243
111249
111330
111406
111413
111416
111433
111460
111477
111500
111501
111508
111513
111643
111696
111712
111714
111718
111761
111775
111804
111834
111857
111870
111876
111882
111898
111900
111903
111911
111965
112013
112043
112078
112153
112168
112209
112220
112230
112259
112308
112317
112346
112449
112458
112459
112504
112525
112537
112549
112559
112561
112602
112617
112628
112746
112805
112816
112898
112908
112924
112936
112948
112967
113045
113138
113163
113171
113175
113184
113191
113220
113267
113386
113437
113454
113488
113537
113544
113547
113564
113598
113647
113769
113784
113792
113795
113810
113811
113831
113832
113901
113921
113984
113996
114039
114063
114085
114119
114131
114132
114167
114209
114254
114270
114323
114355
114363
114375
114382
114444
114528
114536
114568
114584
114598
114601
114626
114629
114640
114643
114652
114669
114700
114702
114820
114839
114857
114867
114914
114962
115001
115012
115028
115068
115097
115112
115114
115146
115177
115181
115193
115268
115273
115284
115321
115369
115377
115385
115404
115490
115495
115510
115518
115544
115647
115698
115742
115756
115762
115779
115780
115801
115815
115822
115848
115863
115876
115891
115916
115928
115957
115967
115981
115983
115994
116016
116024
116035
116055
116056
116066
116096
116123
116164
116193
116243
116247
116263
116300
116305
116329
116397
116398
116407
116426
116436
116463
116475
116488
116494
116509
116528
116539
116571
116659
116721
116737
116748
116774
116785
116826
116853
116871
116880
116920
117063
117077
117079
117107
117110
117130
117141
117164
117169
117183
117189
117215
117218
117251
117262
117269
117298
117326
117328
117381
117389
117416
117470
117474
117478
117504
117525
117570
117581
117598
117611
117642
117666
117676
117704
117799
117805
117860
117866
117919
118020
118074
118164
118205
118222
118284
118294
221
2794
6167
8519
10144
10956
13637
19461
20860
28646
30166
30313
36022
43401
45919
44088
44815
48938
53960
56123
57523
58366
58531
59355
59836
62572
62971
64437
68104
71161
75529
76695
77002
77448
80223
87534
98350
99759
101960
102893
105190
105112
105644
106030
108456
109127
110485
111852
113165
113664
114298
114463
115550
116945
760
1216
1296
1461
2575
3348
4636
4862
5926
6114
6547
6661
7249
7492
7413
7684
8962
9097
9419
9494
9480
9586
11120
12121
13602
13677
14167
14248
14417
14944
15851
16495
17580
17602
18510
20918
22703
23271
23463
23617
23803
23891
24440
24664
24969
25495
25543
25949
26673
26877
26847
26940
27223
27988
28030
28842
29670
30946
31584
32114
34085
34154
34169
36132
36633
37818
39689
40090
40527
41011
41715
41809
41988
42249
43270
45284
45785
46920
47268
47259
47260
47925
48017
49495
49596
49905
50433
51734
52896
53709
53662
54821
54976
56522
57994
58026
58651
59463
59878
61169
61883
62515
63822
64252
65489
66106
66388
67467
67959
69240
70783
70985
72819
73135
75248
75963
76097
78761
79514
80666
80920
81961
81854
83218
84516
85509
86614
88136
88379
89908
91298
92284
92717
93876
94915
95200
95625
95832
96137
96264
96656
96672
97034
97433
97445
98594
98874
99255
101750
103619
104302
104615
104957
106048
106748
107828
109659
109962
110183
111325
112006
112749
113096
113225
113273
113299
114180
114222
115810
118093
118257
207
274
412
957
1148
1674
1700
1743
1805
2707
2716
2770
2772
2905
3513
3868
4116
4142
4239
4440
4580
4755
4789
4781
4963
4962
5203
5210
5340
5531
5659
5688
5829
5929
6105
6156
6844
7019
7182
7232
7351
7720
7845
7895
8529
8629
9037
9411
9704
9720
10531
10677
10828
11166
11318
11569
11604
11818
11832
12243
12495
13208
13296
13487
13836
14154
14316
14422
14626
14780
15180
15309
15482
15686
15855
15941
16177
16459
17257
17347
17831
17891
18487
18488
18884
19173
19161
19272
19710
20008
20066
20105
20157
20221
20687
20840
21059
21065
21219
21695
22125
22465
22768
23037
23124
23170
23234
23246
23324
23425
23357
24044
24108
24417
24858
24956
25138
25305
25300
26109
26410
26408
26429
26989
27472
27634
28326
28612
29974
29947
30437
31169
31729
31914
32117
32252
33587
33722
34321
34655
35335
35449
35574
35840
36149
36237
36595
37503
37604
37884
37975
38052
39340
39378
40474
41199
41414
42068
44107
44788
45038
45206
45840
46347
46696
47043
47669
48343
48639
48870
49121
49230
50015
50214
51159
51876
52805
52929
53669
53711
53891
54061
54218
54224
54514
54995
55839
56110
56290
56469
56599
56816
57639
58342
58567
58979
58989
59017
59094
59190
59497
59585
59989
60175
60340
60858
63587
63844
64728
65561
65756
66158
66195
66570
66988
67046
68599
69294
69400
69870
70141
71876
72029
73011
73915
74370
74355
74428
75031
75302
76196
76466
76837
77223
77482
77544
78658
80309
80667
80762
81332
81363
81433
82898
83477
84465
85330
85863
86036
86216
86482
86554
88071
88124
88257
88592
89113
90789
90898
91115
91396
91395
91915
93053
93241
93490
94505
94760
95195
95373
96180
96216
96616
96771
96796
97041
97831
98198
98872
98967
99257
100513
100705
100759
100884
101273
101420
101794
102529
102518
103394
103439
103669
103758
104110
104280
104788
105250
105342
105429
105625
106450
106479
106733
106966
107004
107322
107426
107611
107710
107755
107862
107855
107893
107914
107961
108226
108372
108519
108583
108650
108720
108834
108917
109029
109254
109505
109474
109853
110125
110344
110405
110799
111112
111314
111319
111469
111670
112670
112717
112864
112972
112970
113306
113443
113461
113703
113767
113871
113907
114092
114161
114212
114898
114904
115088
115362
115735
116038
116765
116814
117062
117227
117430
117447
250
398
518
622
763
876
945
981
1167
1329
1357
1621
1921
2074
2097
2377
2493
2505
2543
2778
2886
2922
2935
3370
3589
3736
3821
3926
4212
4237
4397
4451
4902
5232
5468
5480
5512
5630
5674
5890
6080
6287
6583
7559
7665
7713
7801
7820
7868
7900
8019
8115
8333
8594
8705
8895
9203
9403
9980
10032
10139
10338
10443
10636
10660
10674
10704
10829
10873
11175
11291
11371
11373
11478
11593
11870
11878
11888
11889
11898
12178
12454
12575
12866
12936
12972
13049
13058
13187
13424
13597
14043
15150
15193
15790
16185
16228
16196
16303
16587
16712
17782
17877
17986
18218
18260
18370
18372
18413
18604
18801
19021
19557
19551
20046
20403
20586
20754
20748
21148
21233
21230
21328
21581
21607
21730
21941
21966
21937
22287
22279
22290
22922
22951
23040
23229
23257
23605
23838
23877
24067
24397
24410
24782
24964
25316
25880
25996
26124
26155
26455
26519
27108
27162
28253
28415
29160
29377
29609
30061
30272
31309
31752
31872
31961
32181
32320
32438
32609
32730
32887
32966
33048
33090
33976
33985
34217
35033
35457
35514
35735
35731
35785
36470
36779
36935
37701
39230
39301
39518
39555
39715
39807
39913
40006
40905
41651
41953
42046
42125
42297
43485
43630
44140
44209
44715
45029
45343
45982
46175
46168
46239
46575
47084
47113
47651
48041
48211
48402
48485
48940
49162
49224
49270
50815
51062
51445
51960
52413
54040
54162
54216
54245
54407
54835
55044
55882
55972
56289
56330
56622
56653
56730
56854
57140
57272
57556
58496
58980
58982
59007
59176
59379
59432
59454
60471
61237
61474
62405
62818
63034
63143
63503
64451
64705
64740
64866
65378
65645
65774
66475
66928
67030
67511
68193
68196
68304
68554
69442
69483
69663
69711
69790
70173
70222
70630
70709
70823
71222
71548
71711
71782
71810
71828
72486
72508
72912
73105
73436
73468
74458
75088
75425
75589
76540
77263
77303
77370
77353
77652
78403
78397
78812
79426
80656
81292
81761
81901
82910
83102
83451
83501
83608
83988
84300
84645
85277
85518
85545
85796
85923
86344
87960
88155
88385
88975
89455
90095
90141
90156
91013
91061
91385
91436
91529
91526
91680
91768
92153
93013
93068
93466
93530
93592
94019
94000
94194
94683
94835
94888
95156
95264
95901
95968
95995
96066
96321
96636
96855
97587
97997
98055
98734
99238
99307
99579
99573
99680
99732
99875
100087
100097
100180
100507
100545
100588
100592
100667
100714
100727
100755
100824
100808
101084
101218
101239
101691
101779
102183
102523
102558
102673
102712
102796
102921
103130
103318
103461
103530
103810
103946
104032
104038
104107
104605
104642
104812
104917
105259
105320
105343
105522
105617
105630
105655
105749
105990
106059
106349
106462
106530
106659
106771
106774
106886
107241
107383
107396
107718
107930
108039
108111
108301
108911
108925
109015
109213
109252
109345
109669
109861
109894
110042
110200
110310
110320
111115
111164
111214
111266
111405
111499
111663
111853
112038
112105
112348
112500
112915
113038
113565
113614
113797
113852
113999
114406
114853
115232
115529
115733
116139
116425
116512
116610
116618
116634
116956
117224
117554
117561
118243
118287
174
229
365
391
473
497
508
683
747
817
995
1009
1302
1642
1896
1987
2059
2151
2271
2414
2437
2635
2814
3159
3454
3558
3677
3857
4038
4285
4306
4386
4581
4626
4675
4911
5262
5385
5434
5553
5604
6058
6060
6247
6292
6374
6381
6633
6850
6864
6882
7067
7540
7589
8169
8258
8475
8584
8637
8663
9172
9583
9640
10027
10403
10749
10772
10985
11092
11719
11731
11871
12077
12382
12565
12632
12619
12648
12911
12984
13124
13336
13512
13694
13804
14029
14118
14134
14207
14402
14734
14969
15282
15410
15971
15972
16244
16235
16473
16563
16644
16729
16793
16915
17173
17189
17217
17358
17541
17666
17818
18095
18166
18219
18270
18460
18499
18873
18935
19101
19159
19366
19389
19564
19744
19874
20370
20498
20590
20872
21067
21469
21507
22019
22174
22255
22272
22540
22917
23684
23911
24097
24223
24220
24488
24594
24852
24902
24951
25081
25773
25964
25960
25974
26088
26105
26392
26413
26607
26827
26961
27067
27761
27945
28775
29062
29388
30138
30303
30488
30526
30876
31687
31776
31834
31928
31967
32061
32275
32432
32774
32792
33022
33284
33280
33389
34946
35490
35811
35978
36315
36348
36401
36533
36965
37368
37873
38527
38687
39074
39533
39668
39817
40393
40482
40744
40925
41184
41739
42314
42780
42812
43753
43836
43862
43872
44248
44440
44471
44855
45274
45974
46587
47053
47245
47250
47633
47834
48418
48500
48746
48804
48894
49206
49448
49563
49870
50475
50766
50830
50909
51301
51929
52253
52355
52594
52823
53336
54842
54981
55147
55310
55394
55917
55944
56165
56809
56827
57353
57557
57985
58112
58235
58261
58648
59366
59776
59820
59831
60140
60229
60522
60643
60831
61854
63368
63874
64464
64692
64928
65026
65267
65518
66093
66090
66829
66836
67178
67381
67582
69388
69513
69641
70066
70447
70564
71000
71109
71206
71467
71723
71740
71825
71882
72153
72524
72666
72718
72737
73185
73257
73261
73478
73695
74433
74817
75086
75103
75107
75580
75631
76156
76387
77236
77312
77529
78598
78967
79037
79088
79116
79312
79436
79526
79957
80074
80270
80827
80847
80953
81001
81101
81774
81919
82321
83015
83020
83447
83595
83887
84108
84492
84715
85118
85175
85868
85977
86034
86166
86173
86272
86398
86550
86638
86692
87045
87274
87340
87377
87563
87877
88265
88284
88350
88415
88498
88555
88703
88754
88852
88999
89186
89240
89540
89603
89689
89810
90025
90283
90284
90370
90540
90954
91192
91491
91615
91782
91996
92096
92204
92219
92513
92926
92962
93108
93656
93730
93898
93977
94336
94623
94922
94973
95368
95869
96011
96448
96573
97001
97165
97240
97315
97498
97547
97578
97706
97700
97750
97861
98001
98072
98177
98253
98345
98383
98535
98582
98858
99112
99159
99170
99211
99376
99388
99625
99749
99813
100037
100069
100241
100515
100571
100910
100912
101284
101475
101804
101896
101949
101963
102530
102570
102619
102722
103113
103222
103272
103373
103413
103428
103641
103632
103700
103732
103749
103767
104044
104250
104537
104844
105068
105166
105397
105467
105540
105584
105640
105825
106108
106191
106262
106810
106812
106847
106983
107162
107177
107180
107363
107533
107554
107852
107920
108137
108161
108577
108675
108845
109071
109342
109467
109651
109829
109919
109974
110373
110458
110539
110929
111303
111626
111805
112148
112170
112221
112477
112722
112778
112901
113048
113226
113726
113729
113788
113802
114027
114071
114329
114374
114385
114420
114782
115067
115128
115261
115470
115723
115730
116081
116153
116259
116578
116582
116726
116849
116895
117111
117221
117340
117390
117565
117637
117646
117695
117971
118060
374
423
461
634
689
1333
1336
1441
1669
2018
2033
2170
2252
2429
2509
2576
2587
2643
2694
2753
2801
3109
3176
3473
4268
4327
4783
4990
5249
5379
5450
5671
5982
6127
6140
6260
6362
6568
6668
6814
7201
7269
7314
7671
7773
8131
8252
8282
8283
8468
8805
9087
9126
9223
9378
9500
9667
9822
10023
10022
10130
10176
10280
10400
10453
10711
10774
10966
10999
11004
11178
11206
11253
11352
11408
11806
12136
12207
12265
12328
12417
12465
12638
12990
13009
13053
13175
13180
13210
13340
13490
14020
14081
14399
14560
14615
14886
15019
15329
15876
16025
16626
16744
16747
16757
17129
17190
17251
17448
17467
17465
17735
17845
18392
18558
18657
18793
18963
18986
19201
19255
19576
19883
20085
20176
20227
20326
20570
20591
20659
20709
20710
20904
21108
21117
21291
21405
21878
22050
22630
22704
23179
23205
23261
23724
23762
24013
24072
24137
24133
24350
24398
24464
24504
24605
24638
24667
24724
24821
24837
25000
25015
25060
25090
25175
25252
25370
25464
25485
25565
25733
25901
26206
26249
26261
26536
26611
26658
26746
27040
27105
27092
27144
27179
27404
27503
27553
27538
27723
27844
28043
28388
28506
28588
28777
28820
29024
29090
29725
30186
30316
30854
30950
31104
31373
31424
31454
31562
32050
32353
32798
33064
33291
33287
33430
33649
34103
34247
34411
34920
35193
35349
35372
35647
35919
36139
36322
36424
36530
36896
37102
37197
37483
37761
38353
39480
39693
39836
39940
39948
40319
40852
40966
41286
41367
41519
41820
42583
43220
43279
43367
43426
43719
43721
43861
43944
44064
44230
44307
44331
45536
45661
45688
45858
46052
47527
47565
47581
48337
48572
48878
48997
49315
49441
49826
49864
50472
50487
51030
51233
51320
51637
52223
53641
53903
53906
54178
54706
54941
55663
55872
56034
56054
56274
56516
56768
57245
58208
59471
59540
59660
59868
60161
60920
61036
61269
61272
62018
62140
62706
63125
63231
63462
64104
64217
64405
64411
64833
65676
65898
66042
66089
66239
66458
66514
66569
67475
67579
67871
67902
68147
68905
68935
69062
69227
69555
69666
69733
70712
71193
71268
71518
71764
72945
73380
73472
73793
74211
74631
74643
75312
75415
75949
76127
76242
76382
76414
76536
76563
76669
76777
76869
77252
77379
78729
79350
79362
79448
79607
79651
79837
80349
80590
80806
80885
80888
81048
81445
81693
81704
81979
82058
82068
82275
83164
83754
83791
83954
84100
84606
85112
85133
85149
85209
85371
85592
85580
85596
85846
86506
86570
86733
86861
86865
86908
86946
87204
87309
87319
87323
87802
87998
88017
88055
88745
89041
89110
89156
90080
90766
91070
91080
91119
91399
91554
91552
91579
91636
91707
91814
91829
91863
91919
91926
92007
92020
92060
92122
92178
92468
92833
92932
93017
93037
93144
93329
93335
93440
93514
93596
93798
93954
94024
94043
94076
94252
94350
94363
94519
94794
94924
95001
95146
95537
95549
95590
95599
95679
95759
96019
96162
96195
96328
96371
96446
96724
96759
96858
97083
97222
97228
97320
97440
97477
97734
97728
98017
98193
98315
98320
98369
98402
98409
98448
98465
98510
98528
98593
98753
98773
99002
99061
99122
99168
99283
99324
99416
99431
99504
99564
99954
99982
100058
100127
100146
100268
100369
100443
100540
100708
100777
100791
100914
100949
101092
101109
101214
101370
101456
101474
101493
101544
101788
101951
102066
102261
102589
102731
102876
103116
103120
103216
103232
103594
103782
103824
103822
103848
104182
104210
104242
104371
104887
105072
105123
105117
105146
105162
105300
105390
105543
106153
106174
106263
106303
106386
106883
107080
107242
107464
107728
107744
107746
107760
107781
107808
107926
107934
108373
108841
109129
109180
109469
109535
109552
109587
109714
109754
110171
110353
110790
111335
111337
111546
111681
111828
111842
111919
112241
112323
112611
112723
113393
113472
113621
113985
114187
114214
114415
114504
114612
114778
115006
115307
115313
115355
116017
116310
116667
116863
117094
117426
117673
118177
118281
71
110
114
392
956
1076
1194
1482
1488
1699
1709
1740
2002
2147
2206
2549
2732
2844
2959
2990
3138
3165
3673
3885
4030
4032
4288
4558
4809
5007
5131
5182
5427
5444
5679
7048
7406
7600
8175
8545
8544
8600
8608
8622
8938
9283
9621
9814
9833
10088
10169
10181
10272
10535
10667
10680
10892
11265
11490
12115
12257
12696
12688
12744
12808
13642
13867
13892
14129
14230
14270
14376
14715
15552
15597
15627
15737
16042
16132
16143
16181
16411
16664
16740
17039
17168
17572
17923
17954
18531
18748
19363
19385
19634
19715
19853
20071
20181
20417
20533
20580
20631
20859
21341
21619
21845
21881
22747
23191
23228
23349
23395
23396
23415
23598
23592
23699
23900
23909
24019
24063
24315
24668
24663
24820
24905
25253
25484
25572
25695
25764
26018
26177
26299
26328
26396
26781
26947
27063
27088
27110
27135
27200
27203
27205
27336
27421
27468
27798
27858
28084
28195
28238
28270
28640
28734
28728
28843
29041
29077
29224
29225
29288
29334
29435
29655
29680
29968
30091
30200
30234
30306
30569
30574
30757
30799
31568
31650
31696
31737
31852
32378
32800
32956
33179
33268
33422
33645
34218
34779
34860
34943
35070
35224
35253
35344
35435
35459
35481
35909
36035
36238
36690
37400
37788
37848
37909
38055
38106
38221
38711
38749
38752
38755
38814
38856
39194
39235
39387
39401
39607
39711
39888
40192
40200
40209
41279
41389
41404
41460
41487
41978
42235
42628
42681
42978
43028
43103
43479
43683
43766
44586
44627
44768
45430
45574
45671
46153
46269
46781
47329
48051
48218
48429
49018
49970
50052
50451
50524
50583
50699
50998
51158
51419
51566
51591
51699
51752
52051
52551
52681
52759
53034
53338
53370
53417
53833
54077
54375
54844
54967
55677
56601
56613
56860
56878
56921
56964
57134
57529
58008
58187
58707
58731
58850
58858
59078
59988
60197
60200
60525
60759
61394
61560
61584
62033
62130
62162
62886
63237
63333
63334
63632
63721
63948
64092
64175
64417
64779
65343
65781
66086
66225
66727
67062
67397
67422
68316
68346
68378
68628
69066
69206
69344
69399
69523
69551
69751
70021
70786
71094
71651
71857
72137
72412
72725
73748
74662
74893
75117
75519
75883
75913
76639
76761
76952
77045
77459
77504
77975
78272
78572
78800
79010
79091
79177
79441
79533
79713
80117
80625
80641
81349
81543
81575
81799
81810
81871
81933
82000
82024
82266
82510
82654
83049
83568
83690
84137
84138
84513
84743
84934
84976
85124
85327
85361
85475
85837
86118
86471
86537
86596
86681
86721
86756
86941
87297
87524
87565
87759
87800
87920
87930
87970
88267
88424
88537
88588
88637
88817
88910
89122
89190
89266
89491
89847
89862
89885
89898
89947
89994
89999
90120
90256
90288
90287
90385
90483
90480
90635
91139
91150
91186
91252
91387
91392
91468
91539
91609
91988
92031
92321
92410
92631
92800
92863
92992
93038
93379
93409
93680
93721
93758
93762
93859
93885
93905
93960
93997
93994
94279
94308
94355
94387
94426
94679
94700
94736
94827
94847
95197
95389
95414
95434
95462
95521
95593
95589
95594
95612
95646
95947
96034
96083
96171
96317
96360
96443
96563
96623
96691
96709
96830
96903
96929
97091
97461
97681
97879
97886
97889
97949
97961
98255
98248
98397
98460
98636
99103
99106
99352
99394
99402
99421
99679
99677
99717
99767
99788
99824
99874
99914
99927
100079
100519
100510
100536
100643
100686
100839
101216
101300
101353
101428
101441
101509
101604
101928
101950
102031
102033
102364
102728
103074
103247
103775
103791
103852
103930
104134
104275
104539
104660
104701
105489
105770
106395
106394
106582
106605
106661
106903
106940
107060
107288
107310
107354
107512
107566
107849
107946
108753
109018
109099
109211
109281
109360
109414
109501
109815
109965
110276
110326
110371
110548
110643
110911
111024
111067
111082
111390
111694
111765
112063
112228
112386
112401
112871
113092
113282
113323
113384
113486
113654
113876
114243
114448
114631
114689
114955
115189
115417
115646
115666
116340
116490
116838
116926
117073
117182
117511
117996
118005
316
482
495
768
1098
1390
1503
1646
1670
2048
2780
3636
3795
4065
4267
4705
4775
5110
5244
5362
5952
6003
6216
6297
6334
6538
6722
6919
7097
7364
7709
8703
8708
8810
8832
9434
10175
11217
11781
12266
12518
12742
12838
13027
13165
13509
13752
14021
14929
15227
15550
15566
15633
15854
16008
16314
16401
16478
16497
16532
17826
17836
18116
18158
18274
18354
18520
19112
19261
19284
19308
19384
19975
20215
20440
20472
20553
20648
20661
20686
20769
20780
20804
20916
20960
20971
20995
21176
21251
21280
21335
21402
21465
22267
22327
22376
22550
22568
22607
22853
23629
23695
23789
23807
24273
24612
24812
25035
25151
25207
25702
25747
25826
25950
26215
26298
26604
26609
26692
26777
26861
26980
26991
27078
27153
27218
27316
27614
27805
27895
28171
28302
28348
28345
28676
28708
28894
28937
29013
29126
29186
29537
29599
29616
29636
29994
30282
30333
30364
30400
30433
30496
30663
30820
30914
30941
31066
31158
31164
31345
31950
32142
32337
32539
33202
33223
33240
33372
33810
33941
34476
34484
34524
34764
34858
34909
34936
35062
35082
35086
35219
35620
35619
35760
35772
35876
36078
36099
36212
36485
36660
36843
37486
37984
38092
38270
38672
38935
39226
39495
39507
40130
40280
40284
40483
41163
41790
42373
42497
42848
42888
43044
43138
43359
43421
43759
43951
44082
44295
44361
44672
44942
44956
45201
45221
45700
46137
46272
46501
46637
46999
47148
47233
47368
47589
47598
48049
48055
48189
48226
48406
48657
48731
49011
49522
49929
50223
50305
50370
50445
50829
51147
51145
51171
51360
53031
53494
53633
53731
54351
54556
54568
54596
55254
55486
55642
55661
56030
56242
56267
56427
56429
56473
56589
56875
57183
57292
57470
57606
57821
58568
59049
59255
59400
59478
60034
60091
60150
61418
61493
61701
62116
62783
62852
63081
63660
64116
64762
64797
65061
65069
65205
65589
65725
66640
66841
67225
67233
67860
68237
68251
69281
69418
69480
69517
69612
69673
69684
70234
70386
70619
71762
71795
71867
72479
72659
72681
72757
72764
72846
73849
74345
74386
74432
74532
74734
74930
75189
75560
75653
76118
76276
76368
76769
76852
76985
77627
77875
77983
78097
78394
78446
78621
78672
78864
78957
79034
79043
79333
79386
79388
79492
79626
79764
79773
80202
80260
80465
80584
80725
80765
81418
81494
81958
82918
82915
83034
83493
83565
84289
84345
84417
84506
84595
84962
85045
85096
85109
85187
85434
85463
85626
85976
86070
86541
86625
86623
86828
86996
87047
87044
87355
87427
87823
87986
88304
88394
88598
88791
88875
88938
89023
89235
89383
89595
89806
89976
90015
90479
90777
90996
91167
91159
91413
92267
92374
92475
92565
92587
92600
92620
92762
92789
93044
93273
93330
93438
93448
93461
93601
93635
93867
93992
94087
94098
94306
94377
94418
94520
94688
94720
94911
94959
95116
95398
95455
95522
95542
95620
95617
95787
95845
96032
96037
96120
96280
96570
96571
96840
96939
96957
97108
97149
97162
97172
97339
97365
97473
97469
97476
97496
97787
97807
97922
98087
98452
98468
98578
98695
98826
98825
99048
99117
99203
99316
99689
99857
100084
100192
100212
100226
100262
100397
100639
100638
101160
101181
101223
101235
101315
101700
101710
101769
101820
101886
101958
102029
102131
102150
102206
102283
102295
102390
102398
102490
102532
103028
103381
103584
103630
103970
104067
104533
104748
104771
105200
105288
105371
105753
105882
106053
106114
106337
106451
107051
107461
107788
107858
107896
108119
108228
108319
108766
108842
108949
108961
109440
109788
110900
110909
111125
111480
111535
111974
112008
112068
112695
113134
113280
113311
113398
113503
113581
113751
114215
114280
115002
115011
115279
115552
115751
115800
115825
116065
116091
116180
116961
116995
117365
117768
190
201
223
510
603
717
1040
1095
1196
1319
1392
1397
2548
3326
3393
4120
4173
4176
4278
4660
4728
4841
4849
4978
5737
5898
6013
6142
6521
6751
6815
7022
7243
7456
7476
8078
8110
8998
9537
9748
10775
11452
11474
11603
11737
12318
12706
13050
13199
13408
13680
13773
13923
13950
14075
14471
14644
14676
15058
15599
15807
16083
16363
16846
17155
17337
17348
18089
18430
18618
18734
18805
18911
19611
19712
19740
19779
19892
20111
20321
20356
20698
20830
20845
21078
21795
21880
21975
22067
22428
22635
22642
22848
22946
23044
23277
23419
23571
23826
23879
23957
24031
24203
24227
24310
24331
24349
24363
24537
24676
24714
25082
25119
25128
25174
25340
25443
25473
25533
25813
25828
25837
25861
26136
26207
26353
26402
26450
26476
27013
27053
27093
27258
27377
27386
27410
27427
27549
27869
27932
27962
28187
28614
28609
28832
29020
29151
29167
29200
29429
29529
29685
29719
29746
29930
30120
30162
30217
30419
30425
30473
30489
30547
30709
30793
30961
31015
31065
31089
31110
31147
31346
31513
31704
31978
31996
31992
31994
32137
32196
32400
32475
32572
32650
32872
33474
33513
33934
34005
34789
34980
35221
35310
35320
35425
35538
35576
35991
36384
36417
36499
36724
37198
37249
37323
37484
37614
37645
37657
37942
37976
38123
38189
38460
38823
39268
39325
39590
39591
40222
40297
40428
40448
40469
40648
40818
40933
41508
41699
42017
42172
42439
42488
43109
43167
43214
43224
43252
43317
43539
43570
43676
43692
44339
44359
44603
44711
44917
45114
45376
46029
46134
46367
46416
46454
46732
