266.2937	-28.8533	   1	   4	5
267.0459	-29.1829	   2	  14	4
266.7933	-28.7675	   3	   2	5
267.7944	-28.9293	   4	   3	5
250.2234	-17.5959	   5	  25	5
249.2179	-16.6004	   6	  90	6
248.4635	-15.7705	   7	  50	6
237.6650	 -5.9836	   8	  45	6
266.5273	-26.1854	   9	   5	4
238.4098	 -4.6972	  10	  60	6
237.6570	 -4.0503	  11	  15	5
247.6940	-11.7739	  12	  65	4
243.1755	 -8.0438	  13	  35	6
268.7696	-24.8412	  14	  60	4
237.9058	 -3.7493	  15	  20	5
248.1919	-11.2717	  16	 150	5
242.6712	 -7.0959	  17	  30	5
237.6523	 -2.9003	  18	  28	5
237.6520	 -2.8170	  19	 140	6
246.6837	 -9.6117	  20	  50	4
247.1838	 -9.6095	  21	  18	3
247.1834	 -9.5262	  22	  40	5
237.1484	 -1.9523	  23	  30	5
248.1865	-10.1050	  24	 480	6
271.0167	-24.3303	  25	  45	1
271.2666	-24.3290	  26	  90	2
270.5089	-22.9994	  27	  20	1
272.5146	-23.9896	  28	  15	1
272.5146	-23.9896	  29	  45	3
246.1737	 -7.4473	  30	 140	4
272.0115	-23.4421	  31	   3	6
248.1795	 -8.6050	  32	  65	4
272.7631	-23.7384	  33	  20	1
272.2614	-23.4409	  34	   3	3
248.9316	 -9.0183	  35	  20	3
240.1473	 -1.6399	  36	  50	5
240.1473	 -1.6399	  37	  30	6
272.0032	-21.9921	  38	  60	5
249.1763	 -7.8505	  39	  70	4
272.2503	-21.4909	  40	  10	4
300.7875	-31.3591	  41	 210	6
273.9937	-20.3157	  42	  10	2
274.2404	-19.7312	  43	   4	1
241.6389	 +0.3664	  44	  70	5
241.6389	 +0.3664	  45	  40	6
274.2400	-19.6479	  46	   4	1
274.2391	-19.4812	  47	  15	2
272.2320	-18.1576	  48	   3	5
272.9798	-17.7373	  49	  15	5
271.7258	-16.9934	  50	  18	5
273.9810	-17.9824	  51	 210	4
274.9809	-17.9776	  52	  30	2
272.7240	-16.6552	  53	  30	6
300.7681	-27.8592	  54	 260	6
273.9739	-16.6491	  55	  60	4
273.9739	-16.6491	  56	   3	3
274.4703	-15.9800	  57	 120	6
271.4610	-14.1613	  58	  30	3
274.2177	-15.4813	  59	   5	3
275.2202	-15.9764	  60	  40	1
273.2126	-14.4861	  61	  20	5
275.2142	-14.8098	  62	  20	6
277.7198	-15.9643	  63	  80	5
275.7132	-14.6407	  64	  15	4
280.2236	-16.7856	  65	  40	6
276.4640	-14.8037	  66	  10	5
274.7091	-13.8122	  67	 120	1
274.9595	-13.8943	  68	  35	3
278.4671	-15.4607	  69	  30	5
274.9548	-12.9777	  70	 180	6
274.7023	-12.4789	  71	  80	3
274.4497	-11.9801	  72	  60	1
278.1983	-11.7620	  73	  20	3
278.1983	-11.7620	  74	  10	6
277.9435	-10.7965	  75	  20	3
277.9435	-10.7965	  76	  35	6
277.6877	 -9.6311	  77	  10	6
277.6828	 -8.6311	  78	   2	4
277.9319	 -8.4632	  79	   8	3
279.1777	 -7.6239	  80	  30	5
278.6741	 -6.8763	  81	  40	6
279.1728	 -6.6239	  82	  15	4
296.4575	-14.8775	  83	  10	4
278.4148	 -4.9608	  84	   2	1
276.9092	 -3.8014	  85	   3	4
299.4534	-14.3646	  86	  70	5
296.4474	-12.7108	  87	  10	4
259.6113	 +6.1150	  88	  12	4
296.4451	-12.2108	  89	   2	4
277.9011	 -2.1300	  90	  20	2
281.6587	 -3.7286	  91	  10	5
281.4002	 -1.9465	  92	  10	4
276.1367	 +0.8616	  93	   8	3
282.4020	 -2.3251	  94	  15	5
278.6407	 +0.0403	  95	  12	5
277.6359	 +1.0355	  96	   8	4
277.8850	 +1.2200	  97	  10	3
277.8842	 +1.3700	  98	  22	4
280.8922	 -0.2822	  99	  15	4
296.4234	 -7.3776	 100	  40	5
296.4168	 -5.8776	 101	 180	6
273.6063	 +7.0661	 102	   8	6
285.3808	 +2.1557	 103	   2	1
286.1297	 +2.4092	 104	  35	5
242.5415	+21.8705	 105	  60	5
243.2917	+21.7071	 106	  30	6
283.6122	 +6.0474	 107	   4	5
300.6489	 -1.8594	 108	 150	6
287.3649	 +5.5817	 109	   3	6
284.1038	 +7.8164	 110	   8	6
303.3966	 -1.3481	 111	  20	4
311.6618	 -5.6495	 112	  30	5
303.3945	 -0.8481	 113	  70	5
307.9007	 -2.4969	 114	  85	6
306.3970	 -1.5027	 115	  35	6
302.8925	 -0.3501	 116	 140	6
318.6664	 -7.7920	 117	 360	6
313.6581	 -4.8089	 118	  90	6
306.8943	 -0.8341	 119	 140	6
308.3962	 -1.3283	 120	  30	6
309.1442	 -0.8255	 121	  70	6
306.3877	 +0.8473	 122	  42	6
306.8865	 +1.1659	 123	  20	6
308.1419	 -0.2126	 124	  20	6
307.8859	 +1.3364	 125	  30	6
297.3408	+11.4599	 126	  20	6
287.8107	+16.8339	 127	   1	1
292.5560	+18.2555	 128	  10	3
292.5560	+18.2722	 129	   7	3
291.7927	+20.7855	 130	   8	6
297.0585	+18.3754	 131	  15	3
306.3343	+14.1638	 132	 120	6
291.2820	+22.7665	 133	   5	4
291.5321	+22.7676	 134	   8	2
295.7829	+23.2866	 135	  40	3
296.5262	+24.7065	 136	  17	4
296.5238	+25.1732	 137	   2	1
296.5237	+25.1899	 138	   2	1
296.5229	+25.3398	 139	  18	3
325.6238	 +6.2289	 140	 180	6
306.8097	+19.9990	 141	 160	5
337.0998	+20.5892	 142	 200	6
310.3211	+18.1791	 143	 120	5
297.2658	+26.8098	 144	   8	2
296.5067	+28.2898	 145	  45	5
298.7649	+27.2829	 146	   1	1
294.2465	+29.6132	 147	 120	3
291.9830	+31.4365	 148	  50	4
298.7538	+29.2995	 149	   1	1
292.2255	+32.6876	 150	  20	5
298.9995	+30.1339	 151	  10	6
324.3542	+12.7254	 152	 190	6
301.2579	+29.1767	 153	   1	2
299.7438	+31.3037	 154	  10	6
300.9905	+32.2090	 155	   5	4
299.2317	+33.2183	 156	  22	4
327.6057	+13.2343	 157	  90	6
299.9830	+33.2048	 158	  16	3
300.4842	+33.1402	 159	  80	4
300.2318	+33.4725	 160	   3	2
300.4822	+33.4735	 161	   3	2
301.7332	+33.6454	 162	 180	6
302.4864	+33.3152	 163	  20	5
300.9789	+34.1423	 164	  33	4
295.9548	+36.6208	 165	 195	6
301.7302	+34.1454	 166	  40	4
313.7897	+26.6917	 167	  70	6
299.9700	+35.3047	 168	  20	1
308.2611	+30.6714	 169	  70	6
301.4767	+34.6444	 170	  60	5
300.2194	+35.4725	 171	  20	4
302.4805	+34.3152	 172	  43	4
296.4510	+37.2897	 173	  30	6
300.9728	+35.1423	 174	  80	3
303.4852	+33.8193	 175	  53	4
295.9479	+37.6208	 176	  30	6
301.2230	+35.1767	 177	  20	2
299.7143	+36.1370	 178	 100	5
301.9730	+35.3964	 179	  25	3
300.9654	+36.3089	 180	  80	5
303.4783	+34.9859	 181	  15	3
302.4713	+35.8152	 182	  90	3
300.7106	+36.9745	 183	  15	3
297.9466	+38.2962	 184	  20	6
305.9869	+34.3293	 185	  80	5
297.6933	+38.7118	 186	  20	6
301.9640	+36.8131	 187	  80	3
344.6408	 +0.1014	 188	  22	6
301.9619	+37.1464	 189	  60	4
300.9544	+37.9756	 190	  60	4
313.0175	+31.1890	 191	 210	0
301.4543	+38.1443	 192	  10	4
302.4585	+37.8151	 193	  90	5
301.2016	+38.4766	 194	   4	4
304.4689	+36.8233	 195	   7	2
298.1852	+39.9639	 196	  20	5
301.4520	+38.4776	 197	   5	4
307.2317	+35.6675	 198	 130	6
300.1927	+39.4724	 199	  35	4
298.4332	+40.2983	 200	  70	5
297.4276	+40.7940	 201	  60	6
298.9354	+40.1338	 202	  45	5
303.2067	+38.3182	 203	  20	1
295.6666	+41.7863	 204	  20	5
301.6980	+39.1453	 205	 300	6
303.9594	+38.1546	 206	  50	4
299.6857	+40.3036	 207	  40	6
302.4507	+38.9818	 208	 120	2
304.4615	+37.9899	 209	  30	5
306.9752	+36.6665	 210	  70	6
306.2205	+37.1636	 211	 240	5
304.9626	+37.9919	 212	  40	5
300.9394	+40.1422	 213	  20	4
301.9445	+39.7297	 214	   4	4
303.9550	+38.8212	 215	  40	4
301.6922	+39.9787	 216	  45	4
301.1888	+40.3099	 217	  15	3
307.7253	+36.9194	 218	  10	2
307.4737	+37.0851	 219	  30	5
326.8278	+22.3989	 220	  25	6
297.4147	+42.4606	 221	  52	5
301.9392	+40.4797	 222	 180	5
303.1954	+39.9848	 223	  20	4
306.2121	+38.4969	 224	 150	6
292.8879	+44.6074	 225	 210	6
307.9713	+37.6704	 226	 110	6
301.6838	+41.1453	 227	 100	3
298.4155	+42.6316	 228	  35	5
309.2272	+37.1751	 229	  40	5
312.4960	+35.1872	 230	  40	5
310.7355	+36.3474	 231	   8	5
300.4249	+41.9734	 232	 120	5
302.1837	+41.3140	 233	 160	4
305.4528	+39.6606	 234	 110	3
310.7336	+36.6808	 235	 180	6
303.9425	+40.6545	 236	  90	3
299.6675	+42.7202	 237	  53	4
301.1740	+42.3099	 238	  10	4
303.4366	+41.3192	 239	  60	2
304.9448	+40.6586	 240	 120	4
304.9448	+40.6586	 241	  40	2
300.6691	+42.8078	 242	  20	4
302.6800	+41.9828	 243	  30	4
300.4159	+43.1401	 244	 420	6
306.9541	+39.9998	 245	  45	1
312.7393	+36.5214	 246	  45	5
310.4742	+38.1798	 247	 101	5
305.1919	+41.1596	 248	  30	6
306.4495	+40.4978	 249	  50	1
313.7435	+36.1916	 250	  50	4
304.1847	+41.8222	 251	  45	1
301.4182	+43.1442	 252	  18	4
306.4461	+40.9978	 253	  20	3
319.7773	+32.2117	 254	 100	6
312.9862	+37.1889	 255	  70	4
314.9983	+35.8626	 256	  12	4
307.4509	+40.6684	 257	 120	4
308.2055	+40.2546	 258	  30	5
304.6835	+42.1575	 259	  60	3
300.9104	+43.9755	 260	  60	5
306.6950	+41.2488	 261	  25	6
300.9091	+44.1421	 262	  80	4
311.2221	+38.8492	 263	 130	6
301.9141	+43.8130	 264	  70	4
310.7187	+39.1807	 265	  40	3
314.9953	+36.4460	 266	  12	4
307.4475	+41.1684	 267	  60	3
306.1895	+41.8635	 268	   5	3
315.4978	+36.1977	 269	 130	5
305.9367	+42.1625	 270	 180	5
308.9547	+40.6742	 271	  40	4
300.6530	+44.8077	 272	  90	3
306.4380	+42.1645	 273	  22	3
306.1862	+42.3135	 274	   3	1
309.2054	+40.6751	 275	  10	3
308.9536	+40.8408	 276	   8	3
310.7146	+39.8474	 277	  30	5
304.6761	+43.1575	 278	  30	3
306.6886	+42.1655	 279	  70	4
306.4364	+42.3811	 280	   3	1
306.4357	+42.4811	 281	   3	1
324.7995	+29.5600	 282	  80	6
313.7324	+38.1916	 283	  35	5
315.2419	+37.1968	 284	  25	4
308.4478	+41.5056	 285	  50	5
308.1960	+41.6713	 286	  12	3
324.5471	+30.0593	 287	  70	6
307.9431	+42.0036	 288	  45	4
312.9756	+39.0222	 289	  60	5
315.2401	+37.5302	 290	   8	4
314.4849	+38.1109	 291	  10	4
306.1801	+43.1635	 292	  90	3
307.4370	+42.6684	 293	  50	5
300.8952	+45.8088	 294	  70	4
313.4762	+39.1574	 295	  15	4
315.7405	+37.6985	 296	  20	5
300.3910	+46.1400	 297	  50	4
304.9179	+44.3252	 298	   8	3
315.9902	+37.8660	 299	  50	4
305.6725	+43.9948	 300	  60	3
304.4139	+44.6565	 301	  20	3
311.2086	+41.0159	 302	  40	4
304.9166	+44.4918	 303	  40	3
314.9829	+38.6959	 304	 130	5
306.9296	+43.4998	 305	  20	3
326.0511	+29.8968	 306	  40	6
317.2472	+37.2036	 307	 230	6
311.7099	+41.0177	 308	 120	5
307.9348	+43.1703	 309	  42	4
304.1592	+45.1555	 310	 360	4
311.9606	+41.0186	 311	  40	6
309.6955	+42.3436	 312	  40	4
302.9004	+45.8171	 313	  55	3
305.1633	+44.9928	 314	  30	3
307.6768	+44.1693	 315	  90	4
317.4926	+38.2044	 316	 160	5
307.9275	+44.1703	 317	  23	3
315.2269	+39.8635	 318	  50	5
313.2131	+41.1898	 319	  35	5
311.9531	+42.1853	 320	  90	4
317.9940	+38.2060	 321	  85	4
310.6938	+43.0140	 322	   8	3
310.6932	+43.0973	 323	  20	4
310.9445	+43.0149	 324	 100	5
304.6510	+46.3241	 325	  25	2
304.9003	+46.4918	 326	  80	4
312.9560	+42.1889	 327	  80	5
312.7031	+42.5213	 328	  40	2
312.1983	+43.0195	 329	  60	5
308.6734	+45.0065	 330	  40	4
303.3859	+47.6524	 331	 120	4
313.7061	+42.5249	 332	  40	3
320.2512	+38.0466	 333	  20	4
311.9429	+43.6853	 334	  60	4
305.6483	+46.9948	 335	  10	3
305.3961	+47.1605	 336	  60	3
308.4175	+45.6722	 337	  13	1
311.9418	+43.8519	 338	  40	2
309.4231	+45.3426	 339	  50	4
317.7319	+40.2885	 340	   9	5
311.6887	+44.1843	 341	  70	5
313.7029	+43.0249	 342	  60	6
312.6953	+43.6880	 343	  40	2
306.1484	+47.1634	 344	  80	5
305.3918	+47.6604	 345	 180	5
320.7510	+38.3815	 346	 100	6
320.2474	+38.7966	 347	  12	4
313.9525	+43.1924	 348	  40	3
313.9525	+43.1924	 349	  45	3
312.6918	+44.1880	 350	  60	3
309.1659	+46.1750	 351	 180	5
307.4023	+47.1683	 352	  85	3
312.6907	+44.3546	 353	  25	1
314.4530	+43.3608	 354	  60	2
323.7685	+36.5571	 355	  90	6
314.9557	+43.1959	 356	  50	3
308.6590	+46.8398	 357	  30	2
308.6590	+46.8398	 358	  60	3
313.1923	+44.3564	 359	  60	2
318.9843	+40.5426	 360	  33	5
310.4212	+46.0130	 361	  80	4
308.4055	+47.1722	 362	  60	2
315.9589	+43.1993	 363	 140	6
306.1353	+48.6634	 364	 110	6
316.4605	+43.2010	 365	 100	4
323.2593	+38.2223	 366	 150	5
308.9030	+47.6741	 367	 150	4
308.9030	+47.6741	 368	  10	3
317.2151	+42.8702	 369	  40	5
305.6276	+49.3281	 370	  60	2
313.6881	+45.1915	 371	 120	4
308.9016	+47.8407	 372	  30	3
315.4508	+44.1976	 373	 120	4
324.0124	+38.0578	 374	 110	5
309.4032	+47.8426	 375	  25	3
309.1510	+48.0083	 376	  50	3
306.1277	+49.4967	 377	 105	3
314.1886	+45.3599	 378	  90	3
307.3864	+49.0016	 379	  12	3
309.1496	+48.1750	 380	 150	5
308.6436	+48.6731	 381	 100	3
307.8866	+49.1702	 382	 240	4
318.4672	+43.2076	 383	  20	4
314.6879	+45.6950	 384	 120	1
315.6949	+45.1984	 385	  70	2
307.8836	+49.5035	 386	  50	3
314.9376	+45.8625	 387	  80	2
312.9207	+47.1888	 388	 240	6
318.7150	+43.7084	 389	  15	3
318.7140	+43.8751	 390	  20	4
319.2167	+43.7100	 391	 150	5
317.2001	+45.2035	 392	  50	5
318.9638	+44.0426	 393	  25	3
313.9227	+47.3924	 394	   7	1
324.5045	+40.0593	 395	   2	6
324.5041	+40.1426	 396	   2	6
324.7555	+40.0266	 397	   2	6
324.7554	+40.0600	 398	   2	6
324.5031	+40.3592	 399	   2	6
320.2203	+43.7132	 400	  90	2
320.7240	+43.3814	 401	 100	4
319.9664	+44.2124	 402	  60	4
314.4180	+48.2441	 403	   5	6
320.9670	+44.7155	 404	  90	6
325.4973	+42.2287	 405	 270	6
251.4286	+60.2443	 406	 120	6
323.9811	+44.2245	 407	 120	6
315.6572	+50.1984	 408	   2	3
315.9089	+50.1159	 409	   2	3
316.9171	+49.6193	 410	   2	4
316.4127	+49.9176	 411	   2	4
315.9078	+50.2492	 412	   2	3
252.6657	+60.7500	 413	  40	6
325.4858	+44.4287	 414	  15	5
251.4060	+61.4109	 415	 210	6
322.4540	+47.7200	 416	  80	6
321.4441	+48.5503	 417	  30	6
344.3564	+24.2677	 418	 200	6
348.1203	+19.2721	 419	 180	6
331.2666	+42.7435	 420	 190	6
323.9437	+50.2244	 421	  30	4
312.5782	+56.7711	 422	  15	5
324.4451	+50.3592	 423	  12	2
328.4830	+47.2367	 424	  10	1
333.0214	+43.2475	 425	 270	6
325.1984	+50.3946	 426	  90	4
347.6141	+23.6049	 427	  20	6
338.0581	+38.2577	 428	 110	6
337.5538	+39.0901	 429	 100	4
337.8047	+39.0906	 430	  50	3
347.1107	+25.4377	 431	  50	6
335.5354	+42.2528	 432	 270	5
339.3130	+38.0933	 433	 120	6
355.6370	 +9.2775	 434	  80	6
340.0670	+37.5945	 435	  20	6
322.1507	+54.5525	 436	   1	4
338.0509	+40.5910	 437	  75	4
340.3174	+37.7616	 438	  30	4
346.3543	+28.6035	 439	  28	6
341.0714	+37.2629	 440	  10	5
315.8111	+59.5491	 441	   1	4
339.5552	+41.0937	 442	 110	5
323.1442	+55.8888	 443	   1	2
304.6762	+63.8247	 444	  10	6
317.8264	+59.2891	 445	  60	4
319.3439	+58.5940	 446	  12	3
303.6601	+64.3206	 447	  10	6
340.0557	+41.5945	 448	  42	6
317.8212	+59.7057	 449	 150	5
340.5557	+42.2620	 450	 290	6
323.6319	+57.4736	 451	  12	2
323.8842	+57.3910	 452	  14	2
318.8210	+60.2090	 453	 100	4
341.8123	+41.7640	 454	 180	6
324.8871	+57.7271	 455	 150	4
324.8813	+58.3105	 456	  10	2
326.1418	+58.0639	 457	  90	3
343.5700	+41.5999	 458	  80	5
303.8393	+67.3215	 459	 160	6
344.3239	+41.2676	 460	  35	4
343.3151	+43.0996	 461	  60	5
343.8185	+42.6003	 462	  30	4
344.5741	+41.6013	 463	  50	5
292.9409	+69.9420	 464	  70	6
290.9182	+70.2662	 465	  90	6
352.8712	+28.6094	 466	  20	6
350.6095	+33.7744	 467	  15	5
310.6237	+67.8477	 468	  60	6
294.4095	+70.9486	 469	  60	6
351.6143	+32.2752	 470	 240	5
334.7132	+56.0845	 471	  30	2
320.0101	+64.8795	 472	  30	4
334.9660	+55.9184	 473	  80	4
331.9273	+58.4118	 474	  45	5
313.9116	+67.3594	 475	 150	6
322.0342	+64.3857	 476	  80	5
347.0842	+41.7710	 477	  40	4
346.0763	+43.4365	 478	  30	5
333.1899	+57.9146	 479	  45	4
350.6077	+35.2744	 480	  90	5
292.3695	+71.6062	 481	  80	6
331.1602	+59.7433	 482	  20	5
312.8830	+68.1892	 483	  20	6
353.8734	+29.1099	 484	  60	6
333.1812	+58.9979	 485	  10	4
334.1899	+58.8168	 486	  20	5
315.4040	+68.1979	 487	  10	1
332.4148	+60.2462	 488	  23	5
334.1871	+59.1668	 489	   8	3
334.1864	+59.2501	 490	 190	6
334.4383	+59.2506	 491	  13	3
335.1983	+58.6689	 492	  22	4
335.1976	+58.7522	 493	   5	2
332.4054	+61.2462	 494	 100	6
318.9291	+68.4596	 495	  12	5
333.6636	+61.4157	 496	   4	5
325.5366	+66.0624	 497	   2	1
329.0901	+64.5717	 498	 120	5
350.8503	+41.6079	 499	  20	5
333.6470	+63.0823	 500	   7	3
339.7329	+58.4274	 501	  25	5
339.9859	+58.2278	 502	  10	4
352.3585	+40.0257	 503	  30	5
324.2364	+68.1422	 504	   2	2
334.6556	+63.0845	 505	  35	5
341.2468	+57.9298	 506	  83	5
352.6087	+40.7758	 507	  60	5
335.6679	+62.7032	 508	   1	5
337.1905	+61.5895	 509	   5	6
337.1898	+61.6728	 510	   3	5
341.7500	+58.0140	 511	  25	1
341.2356	+59.8298	 512	  10	5
342.5006	+58.9318	 513	  50	6
342.4951	+59.8984	 514	   3	3
325.1923	+70.5616	 515	  35	6
344.0143	+58.5172	 516	   2	4
345.7837	+57.1028	 517	  30	5
344.7689	+58.7516	 518	   5	4
344.7687	+58.7849	 519	   2	4
337.9147	+65.0909	 520	  35	4
342.7389	+61.2654	 521	  55	4
341.7236	+62.2639	 522	 540	5
337.9109	+65.4575	 523	  15	5
343.2373	+62.1828	 524	   4	4
002.1441	+21.1116	 525	  30	6
338.4015	+66.7584	 526	  50	6
343.9913	+62.6005	 527	  14	2
331.2551	+70.9104	 528	 120	6
344.2446	+62.4342	 529	  50	4
002.6449	+20.6115	 530	  25	6
333.2927	+70.2650	 531	  10	3
337.1072	+69.0894	 532	  20	6
348.5441	+59.7725	 533	  27	2
355.1121	+48.7772	 534	  90	3
330.1929	+72.9079	 535	 155	6
348.7962	+59.7728	 536	  80	4
348.7955	+59.9394	 537	   3	1
335.0503	+71.0020	 538	  10	5
338.8777	+69.0926	 539	   2	1
349.0463	+60.2730	 540	  60	3
332.2213	+72.8793	 541	   5	4
348.5371	+61.4892	 542	   8	1
349.0431	+61.1063	 543	   7	4
349.5493	+60.6068	 544	  20	4
318.5986	+77.0424	 545	   5	5
332.2079	+73.3793	 546	  10	3
349.2925	+61.7732	 547	  90	4
350.0514	+61.1906	 548	  15	1
350.0514	+61.1906	 549	  30	3
314.7046	+78.1963	 550	 140	5
348.0172	+64.6053	 551	 100	5
314.4152	+78.6120	 552	  35	5
324.9581	+76.9446	 553	   5	5
354.5984	+56.9603	 554	   5	4
314.6155	+79.1962	 555	 145	6
005.3995	+19.9440	 556	  60	6
353.3308	+60.7763	 557	  18	4
335.1995	+75.2525	 558	 135	6
359.1340	+49.6116	 559	  15	5
359.3854	+49.7783	 560	 140	6
359.8883	+48.4783	 561	  15	4
357.6222	+54.9447	 562	 110	6
359.3852	+50.6950	 563	  60	4
000.3911	+48.6117	 564	  70	4
354.8414	+61.9271	 565	   8	4
355.6000	+60.9107	 566	  10	6
335.0863	+78.1690	 567	  27	6
358.1221	+60.4448	 568	   5	3
328.0327	+80.4031	 569	  70	6
007.4020	+18.4429	 570	  80	6
358.3742	+60.4782	 571	   5	2
295.9373	+83.6252	 572	 180	6
348.4452	+73.9391	 573	  30	5
007.9025	+17.9426	 574	  40	6
350.4765	+74.1076	 575	  40	6
359.6344	+62.2783	 576	  30	5
000.3914	+64.6617	 577	  20	4
002.6593	+58.7781	 578	   5	1
308.2106	+85.0089	 579	  80	6
000.1386	+67.4450	 580	  10	3
000.3915	+67.1950	 581	  20	2
000.6444	+67.2783	 582	 180	5
000.6444	+67.2783	 583	 120	6
000.8972	+66.9450	 584	  35	4
001.6549	+65.6282	 585	   1	6
000.8974	+67.4450	 586	  35	3
000.6447	+68.6116	 587	  95	4
001.4030	+67.1116	 588	  25	2
000.8978	+68.6116	 589	  20	3
000.8968	+65.6116	 590	   2	5
005.1800	+59.2773	 591	   6	3
005.1842	+61.7773	 592	  20	3
005.6887	+61.7771	 593	  25	5
007.1909	+56.6930	 594	   2	6
007.4429	+56.7429	 595	   2	6
006.7052	+64.6099	 596	   1	2
007.9477	+57.2759	 597	  12	5
356.7864	+80.9445	 598	  15	5
008.4491	+56.2756	 599	  60	6
009.6948	+50.2746	 600	   7	4
056.2860	+32.3227	 601	   2	4
008.7480	+69.4420	 602	   2	5
010.7050	+52.2738	 603	  85	6
010.9864	+61.9402	 604	   5	5
011.4691	+55.7731	 605	 180	6
342.3625	+88.7672	 606	 140	6
011.7278	+57.9395	 607	  60	4
012.2116	+51.2724	 608	  10	4
012.2110	+51.0224	 609	  20	4
012.2238	+55.6057	 610	   7	5
012.2293	+57.2724	 611	  10	4
012.4616	+50.6888	 612	  13	4
012.4618	+50.7721	 613	   3	4
012.7695	+65.2718	 614	  15	6
012.9818	+56.4383	 615	  23	4
013.2342	+56.6047	 616	  35	1
016.7681	+86.2677	 617	 450	6
013.5304	+65.7710	 618	  45	6
013.4340	+34.6045	 619	 110	6
014.2610	+61.1035	 620	  10	2
014.2409	+56.4869	 621	   2	5
014.7644	+60.9363	 622	  10	1
014.7644	+60.9363	 623	 120	6
016.9049	+73.5169	 624	   6	4
015.2695	+61.1023	 625	  60	4
020.9619	+73.2607	 626	 150	6
166.3387	+84.2303	 627	 280	6
066.6419	+85.9529	 628	  13	5
163.8893	+83.7336	 629	  75	5
020.8211	+61.8442	 630	   3	5
059.6276	+85.1478	 631	  80	6
071.1470	+85.0983	 632	 105	6
022.5603	+58.3744	 633	  10	1
036.2578	+75.3929	 634	  23	5
037.1815	+73.0568	 635	  10	5
037.4347	+73.0561	 636	   8	5
026.0658	+55.5842	 637	  35	6
026.3141	+55.0837	 638	  30	6
018.9169	+16.5972	 639	  25	5
027.3117	+53.7482	 640	  35	6
032.9271	+62.5682	 641	  35	6
035.1861	+61.8954	 642	  25	6
042.8729	+68.8725	 643	   3	4
020.6705	+17.2610	 644	 270	6
036.4464	+61.9752	 645	  12	1
036.7015	+62.2245	 646	  13	3
036.9511	+62.0571	 647	  20	2
037.2052	+62.2231	 648	 120	6
035.4148	+59.9281	 649	   2	6
036.6929	+61.5579	 650	  35	6
053.8733	+73.1668	 651	 210	6
042.5483	+65.5401	 652	  35	6
034.1134	+55.3983	 653	  10	3
038.4510	+61.2194	 654	  60	3
038.4489	+61.0527	 655	  80	5
038.1909	+60.5535	 656	  55	3
038.1899	+60.4702	 657	  15	2
040.2130	+61.2140	 658	 100	5
039.1865	+59.6338	 659	   2	4
041.9851	+61.9418	 660	   3	5
041.9849	+61.9251	 661	   1	5
041.9841	+61.8751	 662	   2	5
039.9407	+59.5815	 663	   1	6
042.7441	+62.2060	 664	   6	4
040.4437	+59.5633	 665	   2	6
035.3336	+50.5616	 666	  24	6
042.7171	+60.2894	 667	  40	2
035.3324	+50.3949	 668	 150	6
042.4580	+59.7069	 669	  10	4
042.7128	+59.9561	 670	  25	2
035.5825	+50.2275	 671	  22	6
043.4707	+60.2036	 672	 120	3
043.9783	+60.5353	 673	  25	2
047.7864	+62.7722	 674	   8	6
045.7376	+60.4293	 675	   4	4
048.7616	+60.8520	 676	  20	4
048.4931	+59.6862	 677	 240	6
051.0350	+61.5103	 678	   3	4
046.6954	+56.6926	 679	 105	5
048.9617	+57.1012	 680	  10	5
052.5168	+59.8380	 681	  20	4
052.2509	+58.8390	 682	  35	4
138.6774	+70.7929	 683	 300	6
052.9998	+58.5028	 684	  40	6
049.9382	+54.6809	 685	  90	6
049.4292	+54.0494	 686	   5	5
081.8053	+67.5428	 687	  50	6
031.1929	+20.2390	 688	  60	5
058.7585	+57.3131	 689	  30	5
083.7767	+66.5332	 690	  80	6
144.2583	+65.7755	 691	 180	6
134.1193	+67.0582	 692	  20	5
084.2342	+65.0309	 693	  90	6
039.2496	+32.0500	 694	  90	6
135.5980	+66.6364	 695	 110	6
058.2057	+53.3153	 696	  43	5
063.7707	+56.8752	 697	   5	6
099.2882	+66.9582	 698	 105	5
084.4542	+63.8631	 699	  30	6
086.7187	+64.3522	 700	  45	6
059.7069	+52.9757	 701	 100	5
101.2640	+66.2820	 702	  70	6
034.4447	+19.2305	 703	 420	6
060.6917	+51.3216	 704	   6	1
060.9422	+51.3038	 705	  25	3
060.9386	+50.9705	 706	  45	4
035.9484	+19.7264	 707	  50	5
064.9747	+53.1199	 708	   7	3
060.9299	+50.1372	 709	  45	6
062.6963	+51.2130	 710	   7	3
037.1996	+19.5561	 711	  30	5
067.4751	+52.6088	 712	  20	5
056.3639	+44.1559	 713	 160	6
056.3587	+43.4893	 714	  60	6
035.1767	+12.8952	 715	  60	6
051.5525	+36.8413	 716	  10	5
069.2087	+50.8510	 717	   2	2
052.8104	+37.6698	 718	 210	6
052.8099	+37.5865	 719	  35	5
053.5631	+37.8336	 720	  70	5
053.8147	+37.9993	 721	  12	5
070.2060	+50.4298	 722	   5	1
121.8273	+61.3554	 723	  55	6
060.8736	+43.9707	 724	  40	6
047.7570	+29.6885	 725	 180	6
048.2603	+30.1867	 726	 360	6
121.5638	+60.5232	 727	  43	5
126.7859	+60.3353	 728	  25	6
125.5408	+60.2569	 729	  32	6
036.6745	+11.7243	 730	 180	6
065.1413	+44.9523	 731	   1	6
122.0531	+60.0211	 732	  25	6
121.7987	+59.6888	 733	  35	6
051.5239	+31.6747	 734	  10	4
065.3868	+44.3679	 735	   4	6
060.8479	+40.6374	 736	 210	6
072.1894	+48.5540	 737	   1	3
057.0632	+36.6530	 738	 300	6
076.9666	+50.3317	 739	   8	5
051.7704	+30.9071	 740	  20	5
052.2738	+31.3885	 741	   9	3
071.1695	+46.7586	 742	  55	5
043.9609	+20.2016	 743	 140	5
071.4199	+46.7575	 744	  50	4
074.6878	+48.0090	 745	   9	3
052.2658	+29.8385	 746	  10	4
073.9303	+47.3959	 747	   2	3
057.8073	+35.4833	 748	  40	4
054.7825	+32.1621	 749	 150	6
087.2529	+52.5158	 750	  90	6
085.9959	+52.0218	 751	 160	6
060.3215	+36.9729	 752	 300	4
043.9534	+18.2016	 753	 100	6
073.9205	+46.4126	 754	  60	6
072.9127	+45.7506	 755	  12	6
060.3193	+36.6396	 756	 160	1
058.0497	+34.1489	 757	  45	6
056.0345	+32.1404	 758	  10	2
076.4222	+46.2342	 759	  90	6
091.7489	+52.1606	 760	  25	6
054.7665	+29.1621	 761	 140	6
044.9507	+17.1982	 762	  30	5
048.2148	+19.8535	 763	  25	6
089.7184	+49.6704	 764	  40	6
089.7108	+49.0037	 765	  50	6
067.8232	+35.4402	 766	   3	4
067.8232	+35.4402	 767	   3	4
079.3868	+42.0534	 768	  70	4
081.8975	+43.0414	 769	  20	5
056.4939	+24.1552	 770	  90	3
056.4939	+24.1552	 771	  60	1
056.4939	+24.1552	 772	 180	5
055.7359	+22.6582	 773	 150	6
058.7532	+25.4793	 774	 180	3
060.7616	+26.6376	 775	  50	6
058.2459	+24.1480	 776	 200	6
061.2609	+26.3855	 777	  20	4
081.6257	+40.5426	 778	  10	5
060.2532	+25.1397	 779	 150	6
077.8528	+38.0273	 780	   2	3
079.8611	+38.8844	 781	  30	5
064.7749	+28.2037	 782	  15	5
078.3484	+37.3916	 783	  10	5
078.3484	+37.3916	 784	   2	1
065.5271	+28.4504	 785	   5	4
063.2591	+25.6269	 786	 180	4
080.8439	+36.5463	 787	 180	6
066.7652	+26.0949	 788	   5	4
084.6032	+37.5282	 789	 120	6
119.4042	+47.1986	 790	  30	6
078.5746	+34.0571	 791	 100	3
072.0416	+29.7877	 792	  10	4
067.7690	+26.6070	 793	 360	6
081.3368	+35.5439	 794	  55	3
079.3274	+34.3869	 795	  50	2
079.5752	+34.0523	 796	 240	4
083.8428	+36.1986	 797	  60	6
074.7987	+30.5582	 798	   8	4
065.7509	+23.6160	 799	 140	5
067.0073	+24.6104	 800	 300	6
121.3915	+46.3569	 801	  90	4
084.5907	+35.8616	 802	   2	3
084.8407	+35.8604	 803	  12	4
082.0788	+34.3737	 804	  13	2
085.5934	+36.1901	 805	  40	4
069.5182	+26.1825	 806	   4	5
080.5711	+33.3809	 807	  40	2
085.3409	+35.8580	 808	  10	2
076.8019	+30.8321	 809	   2	5
082.8280	+34.2034	 810	   4	1
119.6387	+45.5309	 811	  60	4
068.0067	+24.3226	 812	   4	5
070.0162	+25.7469	 813	   4	3
066.7483	+22.9449	 814	  10	2
069.0070	+24.2348	 815	   1	5
068.2494	+22.9382	 816	 130	6
065.4803	+19.6171	 817	   7	2
084.8049	+30.6938	 818	  22	5
066.9772	+18.7772	 819	 150	6
042.3779	 -3.7933	 820	  40	6
067.7243	+18.1072	 821	   6	3
084.7880	+28.0272	 822	 200	3
091.0545	+30.4968	 823	   4	2
091.0529	+30.2468	 824	   2	2
091.0524	+30.1635	 825	  10	5
087.7823	+27.0127	 826	   7	3
088.0323	+27.0115	 827	  10	3
063.4350	+10.2093	 828	   5	3
059.9182	 +6.6409	 829	  22	4
084.7602	+23.3606	 830	   8	5
063.9289	 +8.7905	 831	  30	6
063.9289	 +8.7905	 832	   6	4
083.7524	+22.0321	 833	   8	1
063.9259	 +8.1238	 834	 140	6
059.9112	 +4.9743	 835	  20	4
060.4064	 +3.8055	 836	  80	4
085.2433	+20.3416	 837	   3	5
075.4578	+14.0716	 838	  90	6
060.6536	 +3.1378	 839	 600	5
094.7601	+23.2787	 840	   8	3
095.2611	+23.4763	 841	  50	5
068.1725	 +7.1050	 842	 270	6
092.2507	+21.5909	 843	  10	3
094.2556	+22.4812	 844	  50	0
095.7581	+22.9739	 845	  40	4
069.9236	 +7.2638	 846	  10	5
070.1744	 +7.4293	 847	  25	6
078.7035	+13.0229	 848	   2	5
068.1672	 +5.9384	 849	  10	5
079.4555	+13.3860	 850	   5	2
079.4555	+13.3860	 851	  15	5
068.4172	 +5.9373	 852	  10	6
060.1409	 +0.1400	 853	 930	6
092.4946	+20.4897	 854	  40	1
091.9847	+18.6921	 855	   3	2
048.1067	 -9.2296	 856	  15	4
080.4457	+11.3812	 857	  70	5
092.9811	+18.0206	 858	  10	5
093.2309	+17.9861	 859	   4	2
073.9157	 +5.4120	 860	  40	5
059.8741	 -3.8589	 861	  90	5
092.2195	+15.8243	 862	  30	3
092.2192	+15.7743	 863	  42	4
092.2186	+15.6576	 864	  30	3
083.1894	+10.0347	 865	 270	4
080.4309	 +8.3812	 866	   3	2
080.4309	 +8.3812	 867	  20	4
076.6692	 +6.0658	 868	  30	5
079.6779	 +7.8015	 869	  40	4
052.1043	 -9.3278	 870	  65	5
079.6747	 +7.1348	 871	  30	4
079.4239	 +6.9694	 872	  40	4
092.4608	+14.1564	 873	  30	5
092.7086	+13.7386	 874	  30	5
093.9613	+14.2825	 875	   8	5
093.7091	+13.8337	 876	   3	2
092.4539	+12.8231	 877	   1	5
086.1854	 +9.1869	 878	  30	4
086.4348	 +9.0523	 879	   3	1
079.9133	 +4.7670	 880	  40	4
080.6647	 +5.0468	 881	  45	4
080.1631	 +4.7158	 882	  40	4
079.4106	 +4.2194	 883	  40	4
079.9106	 +4.2170	 884	  50	4
082.6640	 +4.8705	 885	  70	4
082.6630	 +4.6705	 886	   3	2
096.6993	+11.9692	 887	 130	6
082.1591	 +3.8729	 888	  55	4
097.7009	+12.2977	 889	  55	5
080.6543	 +2.8801	 890	 120	3
107.9706	+16.7491	 891	 120	6
082.6575	 +3.5372	 892	  30	5
068.1183	 -4.8948	 893	  60	6
084.6608	 +4.1942	 894	  20	3
097.6942	+10.9644	 895	 120	6
066.8625	 -6.2226	 896	  40	5
067.8645	 -5.7270	 897	  25	5
097.6916	+10.4477	 898	   5	3
099.1939	+10.9572	 899	  30	4
068.6139	 -5.8304	 900	  26	5
098.1910	+10.3453	 901	   2	1
099.1931	+10.7905	 902	   9	2
097.6894	+10.0144	 903	  25	3
098.1901	+10.1620	 904	   2	1
087.6625	 +4.5130	 905	  80	6
070.3656	 -5.4050	 906	  40	4
078.3836	 -1.4424	 907	  10	3
090.1649	 +5.0008	 908	 240	6
070.1122	 -6.1539	 909	  35	4
077.6304	 -2.1055	 910	  45	3
100.1886	 +9.9024	 911	  10	1
100.1876	 +9.7024	 912	  45	2
083.3873	 -0.6664	 913	   2	2
083.6382	 -0.4676	 914	   2	2
078.8804	 -2.1115	 915	  60	3
076.6246	 -3.3508	 916	   2	1
071.8630	 -5.9119	 917	  70	3
083.1407	 +0.0348	 918	1560	6
079.8819	 -1.7829	 919	  50	3
099.6828	 +8.7215	 920	   2	1
084.1386	 -0.3867	 921	  10	2
100.1839	 +8.9524	 922	 180	4
076.1219	 -3.9317	 923	 120	5
085.1370	 -0.7248	 924	  15	4
085.1374	 -0.6415	 925	   2	3
102.9386	 +9.9893	 926	  10	5
085.1377	 -0.5749	 927	   2	3
084.6398	 -0.1391	 928	  15	3
099.4291	 +7.9560	 929	 540	5
098.4259	 +7.2942	 930	  30	4
098.4259	 +7.2942	 931	  15	3
097.9244	 +6.9632	 932	  55	4
086.8955	 +1.0167	 933	 420	3
086.8955	 +1.0167	 934	 140	2
083.6350	 -1.1343	 935	  15	3
098.4227	 +6.6275	 936	  11	3
079.6240	 -3.4484	 937	 200	4
086.8916	 +0.2167	 938	   7	2
086.6406	 +0.0179	 939	  10	1
083.6326	 -1.6343	 940	  50	3
097.9191	 +5.8799	 941	  18	3
080.1223	 -3.7841	 942	 100	3
098.4178	 +5.6275	 943	  30	3
085.1331	 -1.5248	 944	   8	1
078.8668	 -4.9448	 945	  90	3
085.3830	 -1.5594	 946	  10	1
101.1724	 +6.6143	 947	  60	4
098.1646	 +4.9621	 948	  80	1
098.1646	 +4.9621	 949	  18	3
084.3794	 -2.3045	 950	  70	3
099.1653	 +5.1239	 951	  15	3
100.1669	 +5.4525	 952	 200	4
085.3793	 -2.3094	 953	  90	1
085.3793	 -2.3094	 954	  10	1
088.6357	 -0.9918	 955	  40	2
080.1143	 -5.4507	 956	  50	4
080.3643	 -5.4519	 957	   8	3
084.8753	 -3.1403	 958	  60	3
075.6029	 -7.9293	 959	 180	3
079.8619	 -5.9495	 960	  30	3
080.8642	 -5.4543	 961	  30	3
085.3753	 -3.1427	 962	  50	2
083.1189	 -4.4651	 963	   8	5
080.6127	 -5.7864	 964	 110	4
084.8729	 -3.6403	 965	   8	3
088.8825	 -1.6597	 966	  90	5
084.8713	 -3.9736	 967	  15	3
075.3482	 -8.9282	 968	  20	4
081.1110	 -6.1222	 969	  15	3
098.6533	 +2.6264	 970	  40	4
098.6533	 +2.6264	 971	  25	3
098.6533	 +2.6264	 972	  10	2
098.6533	 +2.6264	 973	  20	2
083.8640	 -5.4687	 974	  90	1
074.8434	 -9.9258	 975	 120	5
089.3760	 -2.9954	 976	 160	3
084.3615	 -5.9712	 977	 240	3
099.6485	 +1.6216	 978	  40	3
084.1078	 -6.7366	 979	   2	1
076.5882	-10.9340	 980	  50	6
068.8238	-14.3981	 981	 120	6
088.3638	 -5.4906	 982	  50	3
100.8928	 +0.4489	 983	  60	6
101.1420	 +0.2811	 984	  40	5
089.1122	 -5.8275	 985	  60	3
101.3920	 +0.2799	 986	  20	3
101.1412	 +0.1144	 987	  20	4
088.1089	 -6.4893	 988	 180	4
086.8549	 -7.3166	 989	  60	4
092.1147	 -5.3088	 990	  10	3
077.8305	-12.4399	 991	  70	5
085.0947	 -9.3914	 992	  10	5
092.1103	 -6.2088	 993	   3	2
091.8594	 -6.3909	 994	   2	1
092.1097	 -6.3421	 995	   3	2
092.6105	 -6.1779	 996	   2	3
092.6103	 -6.2112	 997	   2	3
092.3597	 -6.3433	 998	   3	1
092.1088	 -6.5088	 999	  15	3
092.8607	 -6.1457	1000	   2	3
083.0870	-10.9651	1001	  80	5
084.5901	-10.3056	1002	  50	5
093.6101	 -6.2660	1003	   1	4
093.8599	 -6.3006	1004	   1	4
082.5820	-11.9626	1005	  60	5
083.3302	-12.2996	1006	  50	5
084.8326	-11.8068	1007	  30	5
091.0927	 -9.7539	1008	   3	1
086.0791	-12.4795	1009	  35	5
085.5766	-12.9771	1010	 200	5
091.3365	-11.0051	1011	 240	6
104.8684	 -4.7366	1012	  12	5
107.1210	 -4.2472	1013	   1	1
101.6055	 -7.3379	1014	   8	4
097.5938	 -9.6354	1015	   5	3
089.5729	-13.6632	1016	  68	6
096.3390	-10.5626	1017	   5	4
093.5815	-12.0160	1018	  43	5
089.5703	-14.1632	1019	   3	4
103.8532	 -7.8986	1020	  11	5
104.8541	 -7.7366	1021	   2	3
104.1016	 -8.2331	1022	  22	3
105.0988	 -8.8544	1023	   3	2
107.6038	 -7.9161	1024	  90	6
091.3107	-16.0050	1025	 140	5
109.1002	 -8.7564	1026	 140	5
106.0915	-10.4091	1027	  20	1
109.0986	 -9.0897	1028	  70	5
110.3520	 -8.4288	1029	  40	5
105.5874	-11.2401	1030	  20	4
111.1022	 -8.4322	1031	  40	5
109.0966	 -9.5064	1032	   7	2
106.5884	-11.0781	1033	 150	4
107.5911	-10.5828	1034	 120	5
105.8362	-11.4913	1035	  15	4
109.0915	-10.5897	1036	  60	4
106.3335	-12.0769	1037	 150	2
107.0849	-11.8304	1038	  15	4
106.3326	-12.2603	1039	  10	1
109.5797	-13.0920	1040	  20	3
109.5795	-13.1253	1041	  10	2
106.3120	-16.4102	1042	   7	4
107.3021	-18.4148	1043	  20	5
107.5520	-18.4660	1044	  10	1
111.3133	-16.5999	1045	   8	6
113.0623	-17.0078	1046	  20	3
103.7773	-22.7317	1047	  60	4
112.5542	-18.5889	1048	   3	2
101.2687	-24.0532	1049	 180	5
112.5513	-19.1555	1050	  30	5
113.8041	-18.7778	1051	   4	3
103.5216	-23.7305	1052	  20	5
113.0501	-19.4744	1053	  10	4
109.7852	-21.9263	1054	  60	4
107.5275	-23.0826	1055	 150	6
106.2703	-24.2434	1056	  70	6
112.2860	-22.1044	1057	  33	4
110.0242	-23.9941	1058	  10	3
110.7742	-24.0976	1059	 300	5
111.7722	-24.6021	1060	 180	4
113.2771	-23.9422	1061	  20	4
114.0205	-25.2788	1062	  10	3
111.5023	-28.1009	1063	  90	5
111.2462	-29.0998	1064	 180	6
118.0183	-26.4630	1065	   8	1
118.0183	-26.4630	1066	  10	2
118.2686	-26.4641	1067	  50	3
109.4839	-30.8418	1068	 110	5
147.3717	 -7.2337	1069	  45	6
111.4833	-31.2675	1070	 130	5
130.0530	-22.3448	1071	  80	4
116.2338	-32.1220	1072	 120	5
130.0427	-24.6781	1073	  50	4
131.0463	-24.1818	1074	  70	4
131.7981	-24.0179	1075	  60	4
132.5456	-24.8540	1076	  70	4
134.2968	-25.1935	1077	 840	5
135.0438	-26.1961	1078	 210	4
132.5290	-28.5206	1079	  15	5
133.2811	-28.3566	1080	  10	5
133.5323	-28.1908	1081	  80	6
136.7861	-28.7020	1082	 360	6
138.0407	-28.2062	1083	 300	4
136.7773	-30.7020	1084	 120	5
141.2977	-28.0498	1085	  20	4
139.0299	-31.2094	1086	  60	5
141.2911	-29.7164	1087	  75	6
142.5378	-31.2202	1088	 180	5
149.3108	-29.2387	1089	 150	5
150.3033	-32.2412	1090	 140	5
229.7616	-29.8479	1091	  90	6
238.2553	-25.9814	1092	 130	5
239.0062	-25.9783	1093	  90	4
240.0100	-26.4741	1094	  50	4
240.0057	-25.6408	1095	  60	4
243.0215	-27.9280	1096	  12	6
238.2428	-23.4814	1097	  70	5
238.7425	-23.3127	1098	  40	5
240.2433	-23.1398	1099	 130	4
247.2782	-28.2760	1100	  30	4
245.0111	-25.6193	1101	  17	2
247.5246	-27.6082	1102	  80	4
248.2782	-28.1048	1103	 240	5
245.2613	-25.6182	1104	  60	3
245.0093	-25.2860	1105	  12	2
245.2595	-25.2849	1106	  20	2
247.2687	-26.6093	1107	  60	1
247.2678	-26.4427	1108	 180	4
246.5062	-24.4460	1109	  20	2
247.7609	-25.1071	1110	  30	3
246.5009	-23.4460	1111	  60	3
246.5009	-23.4460	1112	  70	4
243.2272	-19.2937	1113	  60	3
243.7275	-19.2915	1114	 220	4
245.2328	-20.1183	1115	  20	3
263.3146	-32.2011	1116	 150	4
264.0660	-32.3641	1117	  80	3
252.0105	-24.4211	1118	 300	6
246.4812	-19.6127	1119	 150	5
267.3101	-31.3484	1120	  23	4
267.5601	-31.3472	1121	  45	6
235.1690	 -7.1603	1122	  60	4
249.2279	-18.6004	1123	 210	6
266.5469	-29.3520	1124	  12	3
266.7961	-29.2175	1125	   2	5