247.2144	-16.1094	   1	  0.054	3	
271.8113	-31.4932	   2	  1.240	2	
270.8080	-30.9980	   3	  5.600	2	
255.6255	-22.2042	   4	  0.004	5	
259.0646	-24.4213	   5	  0.012	4	
257.2570	-23.2299	   6	  0.052	3	
262.1518	-26.2899	   7	  0.036	6	
251.6076	-19.2562	   8	  0.084	4	
257.5071	-23.2287	   9	  0.070	3	
269.4522	-30.1046	  10	  0.003	4	
257.0300	-22.8976	  11	  0.012	6	 57
269.5523	-30.1208	  12	  0.003	4	
256.0005	-22.1691	  13	  0.012	3	
261.2720	-25.5441	  14	  0.020	4	260
256.1005	-22.1687	  15	  0.043	6	 51
259.0124	-24.0549	  16	  0.120	3	
257.0041	-22.7311	  17	  0.404	3	246  60
257.2551	-22.8965	  18	  0.010	4	
262.2753	-26.0393	  19	  0.642	4	265 264
257.1291	-22.7305	  20	  0.047	4	
262.2747	-25.9393	  21	  0.023	5	
251.7310	-18.9223	  22	  0.280	3	
259.3121	-23.9701	  23	  0.002	5	
259.3874	-24.0198	  24	  0.004	5	
263.1265	-26.1852	  25	  0.007	6	
271.3047	-30.4956	  26	  0.034	3	
246.9595	-15.1106	  27	  3.460	1	
259.7627	-24.0513	  28	  2.220	2	
271.7056	-30.6270	  29	  0.030	3	
258.2565	-23.0585	  30	  0.215	1	
252.4822	-19.0855	  31	  0.022	6	
257.7539	-22.6442	  32	  0.111	4	
250.3476	-17.4286	  33	  0.312	2	
267.0386	-28.0163	  34	 25.000	3	
269.1205	-29.0729	  35	  0.020	4	289
262.1703	-25.2065	  36	  0.004	5	267
260.0119	-23.8834	  37	  0.014	3	
257.8280	-22.4772	  38	  0.008	5	
257.9032	-22.4935	  39	  0.017	5	317
269.2955	-29.0720	  40	  0.029	4	
271.3015	-29.9956	  41	  0.009	3	
263.2736	-25.7011	  42	  1.450	4	 78
248.6139	-15.8365	  43	  0.070	6	
260.0109	-23.7168	  44	  0.036	1	
262.7715	-25.3702	  45	  0.348	4	
258.2537	-22.5585	  46	  0.348	3	
252.4796	-18.5855	  47	  0.280	3	
269.5451	-29.0041	  48	  6.140	1	
270.5483	-29.4993	  49	  1.040	3	
261.2652	-24.3775	  50	  0.018	4	 76  73
258.1524	-22.3423	  51	  0.034	4	
263.0465	-25.3522	  52	  0.006	6	
260.7874	-23.9131	  53	  0.001	6	 71
260.8877	-23.9626	  54	  0.002	4	 70
260.7622	-23.8799	  55	  0.003	6	 69
258.7539	-22.5561	  56	  0.462	3	
260.6613	-23.7303	  57	  0.003	6	 68
262.6188	-24.9210	  58	  0.004	5	
260.1591	-23.3827	  59	  0.007	3	255
258.0003	-21.9763	  60	  0.035	4	
262.8439	-24.9199	  61	  0.008	5	
252.4771	-18.0855	  62	  1.740	1	
252.4771	-18.0855	  63	  0.037	6	
265.0260	-26.0260	  64	  0.995	4	
258.2500	-21.8918	  65	  0.088	6	
261.0103	-23.5453	  66	  0.009	6	 72
258.5001	-21.8906	  67	  0.088	5	
271.7724	-29.3600	  68	  0.006	3	
262.0135	-24.0405	  69	  2.190	3	 77 269
261.2604	-23.5441	  70	  0.010	4	
258.4992	-21.7240	  71	  0.142	4	
260.0043	-22.5501	  72	  0.308	2	
262.7647	-24.2036	  73	  0.278	2	
264.5210	-25.1951	  74	  0.038	6	
272.0461	-29.1587	  75	  0.068	1	
264.2699	-25.0297	  76	  0.531	3	
259.7526	-22.2513	  77	  0.005	2	
270.2899	-28.1838	  78	  0.001	3	294
258.7479	-21.4728	  79	  0.300	4	
264.7705	-25.1106	  80	  0.005	5	
261.2574	-23.0108	  81	  0.009	5	 74
266.5263	-26.0188	  82	  2.260	2	
248.5813	-14.2699	  83	  0.056	5	
264.0169	-24.5309	  84	  0.328	4	
261.5075	-23.0096	  85	  0.036	4	261
260.2526	-22.2156	  86	  0.063	2	
259.6500	-21.8018	  87	  0.001	5	
260.1266	-22.0495	  88	  0.027	2	
259.6245	-21.7019	  89	  0.005	5	
264.8941	-24.8600	  90	  0.036	5	
260.8792	-22.4626	  91	  0.016	4	262
259.7496	-21.7180	  92	  0.005	5	
270.6878	-27.8319	  93	  0.007	5	 86
260.0000	-21.7668	  94	  0.041	2	
259.9995	-21.6835	  95	  0.010	5	
272.0408	-28.3253	  96	  0.030	1	
271.8399	-28.1763	  97	  0.011	3	
248.9549	-13.9516	  98	  0.011	4	
259.7478	-21.3847	  99	  0.090	3	 63
258.9948	-20.8883	 100	  0.075	6	 62
260.4503	-21.7980	 101	  0.002	5	
260.6258	-21.8805	 102	  0.035	6	 67A
260.3748	-21.7150	 103	  0.009	3	
258.9943	-20.8049	 104	  0.019	6	
249.1050	-13.9509	 105	  0.001	5	
249.1800	-13.9506	 106	  0.001	5	
261.5034	-22.2929	 107	  0.023	5	
272.5407	-28.3229	 108	  0.003	6	
264.7647	-24.1106	 109	  0.007	5	 83
252.4669	-16.0855	 110	  0.354	3	 82  81
258.7918	-20.3559	 111	  0.007	6	 61
261.2510	-21.8775	 112	  0.034	5	 75
264.6382	-23.8612	 113	  0.041	2	
265.0143	-24.0260	 114	  0.496	2	
253.4703	-16.6642	 115	  0.142	3	
271.6356	-27.4940	 116	  0.002	3	
261.2501	-21.7108	 117	  0.172	2	
253.7208	-16.7464	 118	  0.054	4	
270.7826	-26.9981	 119	  0.342	2	
271.6101	-27.4108	 120	  0.010	3	299
249.9556	-14.0137	 121	  0.017	5	
253.7958	-16.7460	 122	  0.020	6	
271.9101	-27.4093	 123	  0.002	4	
273.2886	-27.9859	 124	  4.320	2	
264.0083	-23.0309	 125	  0.975	3	272
265.7644	-24.0224	 126	  0.361	1	
272.0345	-27.3087	 127	  0.007	4	
262.7533	-22.2036	 128	  0.810	2	
253.7437	-16.3296	 129	  0.009	6	
266.2654	-24.1867	 130	  0.296	2	281
261.2473	-21.2108	 131	  0.362	3	
253.7183	-16.2464	 132	  0.052	4	
269.7766	-26.0030	 133	  0.117	4	
238.4096	 -4.6472	 134	  0.220	5	
270.5286	-26.3327	 135	  0.008	4	
262.2504	-21.7060	 136	  0.151	1	
252.7137	-15.4177	 137	  0.896	4	
260.9954	-20.8787	 138	  1.030	1	
259.1885	-19.7207	 139	  0.115	3	251
268.2705	-25.0103	 140	  1.010	2	
252.7129	-15.2511	 141	  0.077	5	
265.7615	-23.5224	 142	  1.480	3	279
272.5325	-26.9896	 143	  0.500	3	
265.1335	-23.0255	 144	  0.029	4	277
248.8218	-12.2688	 145	  0.145	1	
254.0922	-15.9947	 146	  0.066	5	
271.0275	-26.1636	 147	  0.047	4	
251.6071	-14.1728	 148	  0.012	5	
261.7456	-20.8751	 149	  0.518	3	266
269.2706	-25.0054	 150	 13.550	3	
271.5275	-26.1611	 151	  0.398	2	
252.4595	-14.5856	 152	  1.040	3	
265.0061	-22.6094	 153	  0.511	3	
265.5076	-22.8570	 154	  0.497	1	
264.5041	-22.2785	 155	  1.610	2	
249.3220	-12.2666	 156	  0.127	1	
272.2790	-26.4075	 157	  0.008	4	
251.9568	-14.0879	 158	  0.056	6	
267.1376	-23.6824	 159	  0.071	1	
266.2596	-23.1867	 160	  0.054	2	
267.7646	-24.0127	 161	  0.117	2	
252.2828	-14.2530	 162	  0.124	6	
252.4582	-14.3356	 163	  0.032	2	
264.2518	-21.8630	 164	  0.063	3	
274.0323	-26.9823	 165	  0.054	1	
270.5216	-25.1660	 166	  0.008	5	
271.5245	-25.6611	 167	  0.144	1	
263.2469	-21.0345	 168	  1.050	3	 80
238.1541	 -3.3149	 169	  0.860	4	
266.7588	-23.0176	 170	  0.479	1	
270.7716	-25.1648	 171	  0.316	2	
264.5004	-21.6118	 172	  0.026	4	274
259.3064	-18.3867	 173	  0.020	6	 64
264.7509	-21.6940	 174	  0.020	3	
259.5822	-18.5188	 175	  0.016	5	
272.5254	-25.8229	 176	  0.308	2	
260.7363	-19.2133	 177	  0.034	4	259
262.9941	-20.5358	 178	  0.672	4	268
260.9868	-19.2954	 179	  0.047	1	
270.7691	-24.7481	 180	  2.760	1	
277.7882	-28.0808	 181	  0.008	3	
263.2441	-20.5345	 182	  1.110	2	
238.4784	 -3.1469	 183	  0.240	5	
262.9927	-20.2858	 185	  0.108	5	270
266.0030	-22.0212	 186	  0.300	1	
273.0249	-25.7372	 187	  0.694	2	
268.2598	-23.1770	 188	  0.298	4	
265.7511	-21.6891	 189	  0.596	1	
252.0762	-12.9206	 190	  0.022	4	
251.9503	-12.7545	 191	  0.158	5	
262.7399	-19.7870	 192	  0.278	5	
263.9943	-20.5309	 193	  0.104	4	
273.2734	-25.4860	 194	  0.316	3	
273.9747	-25.7326	 195	  0.003	3	306
272.5205	-24.9896	 196	  0.002	5	
273.2725	-25.3360	 197	  0.014	2	
273.3976	-25.3687	 198	  0.010	4	
273.7731	-25.4502	 199	  0.001	5	
272.5195	-24.8230	 200	  1.050	2	
275.0260	-25.9775	 201	  3.450	2	
264.6185	-20.3612	 202	  0.122	2	
273.5964	-25.1677	 203	  0.004	4	
251.9471	-12.0879	 204	  0.167	6	
276.5282	-26.3869	 205	  0.026	2	
262.7359	-19.0370	 206	  3.560	3	
266.2474	-21.0200	 207	  2.000	3	280
273.2684	-24.6527	 208	  0.032	1	
264.4907	-19.8619	 209	  0.013	4	
272.2904	-24.1241	 210	  0.001	5	303
272.3906	-24.1569	 211	  0.008	5	
272.7665	-24.3218	 212	  0.093	5	
272.2647	-24.0075	 213	  0.001	5	302
272.2645	-23.9742	 214	  0.001	5	
269.5061	-22.5042	 215	  8.830	2	
264.4896	-19.6619	 216	  0.011	6	 79
277.0265	-26.1345	 217	  0.009	2	
268.7530	-21.9746	 218	  0.025	3	
264.8653	-19.7767	 219	  0.084	6	
262.7328	-18.4703	 220	  0.007	4	
272.7646	-23.9884	 221	  1.620	3	
265.2904	-19.7747	 222	  0.001	6	
265.1900	-19.7085	 223	  0.001	6	
272.1367	-23.4915	 224	  0.015	5	
263.2333	-18.5346	 225	  0.088	2	
265.1397	-19.6587	 226	  0.003	6	
272.5127	-23.6563	 227	  0.050	5	 90
265.1896	-19.6251	 228	  0.002	6	
265.0389	-19.5092	 229	  0.002	6	
272.2615	-23.4575	 230	  0.003	5	
265.0890	-19.5256	 231	  0.001	6	 83A
271.2580	-22.8291	 232	  0.086	1	
266.2669	-20.0199	 233	  0.001	6	
252.1924	-11.0867	 234	  1.410	3	
266.6178	-20.1849	 235	  0.038	6	 84
276.5217	-25.3036	 236	  0.029	3	
270.2542	-22.1673	 237	  0.524	1	
248.9305	 -8.7683	 238	  0.054	3	
278.3504	-26.0114	 239	  0.018	6	 98
279.2773	-26.3736	 240	  0.022	3	
272.8857	-23.3212	 241	  0.021	4	
273.0362	-23.4038	 242	  0.010	4	
273.0107	-23.3206	 243	  0.524	3	
252.9434	-11.2499	 244	  0.086	4	
277.7724	-25.4642	 245	  0.440	1	
266.2392	-19.5201	 246	 10.000	3	
276.0174	-24.5560	 247	  0.034	1	
279.0239	-25.7915	 248	  0.052	1	
272.5060	-22.4897	 249	  0.190	1	
275.8401	-24.1402	 250	  0.002	3	
277.2686	-24.8000	 251	  0.185	1	
275.7896	-24.0571	 252	  0.004	3	
280.0245	-25.9534	 253	  0.689	1	
267.4902	-19.6807	 254	  0.235	2	
251.9367	 -9.9212	 255	  0.032	6	
273.7587	-22.9836	 256	  0.377	2	
272.7555	-22.4051	 257	  0.075	2	
266.2355	-18.8534	 258	  0.180	2	
276.2641	-23.9881	 259	  0.023	3	
251.9352	 -9.5879	 260	  0.074	6	
263.9763	-17.1976	 261	  0.268	2	
270.7476	-20.9982	 262	  0.009	6	
279.0190	-24.9582	 263	  2.430	2	
267.2356	-18.8485	 264	  0.142	2	
274.2558	-22.4812	 265	  0.330	2	
277.7646	-24.1309	 266	  0.418	2	
275.8843	-23.1400	 267	  0.005	2	
275.8843	-23.1400	 268	  0.005	4	
277.3877	-23.7994	 269	  0.041	2	276
267.2329	-18.3486	 270	  0.450	2	
272.7494	-21.3218	 271	  0.016	3	
274.5038	-22.1466	 272	  0.070	3	308
266.1038	-17.6040	 273	  0.007	3	
272.3224	-20.9572	 274	  0.020	4	
272.9986	-21.1872	 275	  0.001	3	
265.9775	-17.3546	 276	  0.043	3	
266.3532	-17.4861	 277	  0.005	3	
254.6890	-10.2418	 278	  1.150	3	
268.2339	-18.5104	 279	  0.462	2	
254.6882	-10.0751	 280	  0.251	4	
271.2421	-19.9958	 281	  1.280	2	
273.2475	-20.9860	 282	  0.052	4	
264.7203	-16.0274	 283	  4.780	2	
279.0103	-23.4582	 284	  0.199	1	
268.9830	-18.3401	 285	  0.214	4	
270.4875	-19.1661	 286	  0.115	2	
260.7059	-13.3800	 287	  0.158	1	
269.4839	-18.5043	 288	  0.050	5	
270.2357	-18.8340	 289	  0.027	2	
265.7204	-16.0225	 290	  1.320	1	
274.9972	-20.9776	 291	  0.274	4	
269.4312	-18.0045	 292	  0.050	4	
269.4812	-18.0043	 293	  2.020	1	
278.0040	-22.2964	 294	  0.002	3	
278.2042	-22.3454	 295	  0.002	3	
278.1290	-22.2958	 296	  0.002	3	
281.7621	-23.9451	 297	  0.176	1	
269.7312	-18.0031	 298	  0.106	3	
255.1843	 -9.2395	 299	  0.208	2	
282.7636	-24.2736	 300	  0.370	1	
278.8549	-22.4923	 301	  0.018	2	
269.3794	-17.6715	 302	  0.040	5	 84A
271.9866	-18.9921	 303	 18.000	3	304 301 297
278.7529	-22.1261	 304	  0.020	2	
267.4718	-16.2640	 305	  4.170	2	
275.7952	-20.6404	 306	  0.025	4	
271.5586	-18.4442	 307	  0.001	6	
271.6835	-18.4269	 308	  0.001	6	
277.7494	-21.4643	 309	  0.014	4	
271.7332	-18.3600	 310	  0.004	6	
282.3840	-23.4421	 311	  0.224	2	
267.7205	-16.0128	 312	  2.610	1	
278.3747	-21.5446	 313	  0.018	3	 99
275.2417	-19.9764	 314	  3.600	3	
274.4890	-19.4800	 315	  6.000	2	
281.1798	-22.6145	 316	  0.108	1	
255.1787	 -8.0728	 317	  1.600	4	
269.9750	-16.8352	 318	  0.009	4	
270.4750	-16.8328	 319	  0.043	1	
269.9732	-16.5019	 320	  1.420	2	
282.5794	-22.6411	 321	  0.025	3	
274.9863	-18.9776	 322	  1.290	2	
273.8821	-18.1829	 323	  0.016	6	 92
260.4409	-10.3812	 324	  5.800	1	
268.4653	-15.0092	 325	  0.900	3	
267.4623	-14.4307	 326	  0.030	4	
274.2314	-18.0646	 327	  0.011	4	 93
274.2311	-17.9979	 328	  0.001	6	
280.1205	-20.8695	 329	  0.052	2	
267.6115	-14.2800	 330	  0.011	6	284
274.2301	-17.8146	 331	  0.005	4	
275.2317	-18.1430	 332	  0.014	3	
272.7249	-16.8219	 333	  0.498	1	
279.9933	-20.4535	 334	  0.075	1	
274.7800	-17.8119	 335	  0.004	3	307
274.9804	-17.8943	 336	  0.047	3	
269.4646	-14.8543	 337	  0.022	4	
268.9628	-14.5068	 338	  0.034	4	
269.1382	-14.5892	 339	  0.016	4	
269.7133	-14.6031	 340	  0.035	3	
269.8386	-14.6692	 341	  0.011	4	
275.4790	-17.6418	 342	  0.795	1	
277.2328	-18.4000	 343	  0.987	3	
280.4904	-19.9511	 344	  0.016	3	315
268.4584	-13.6759	 345	  0.240	2	
280.7403	-19.9499	 346	  0.016	3	
271.9679	-15.4922	 347	  0.190	2	
272.4688	-15.6564	 348	  0.027	2	
267.7800	-13.0125	 349	  0.011	4	
276.9796	-17.8013	 350	  0.145	3	310
275.9767	-17.2228	 351	  0.029	4	
266.4498	-12.0189	 352	  5.250	1	
278.2320	-18.2952	 353	  3.330	1	
276.2269	-17.2549	 354	  0.029	4	
267.9533	-12.6783	 355	  0.075	4	
277.6041	-17.7149	 356	  0.011	4	311
273.9691	-15.7325	 357	  0.151	1	
268.2025	-12.5104	 358	  0.750	3	
275.7228	-16.4740	 359	  5.000	3	
267.9262	-12.2618	 360	  0.009	5	
268.0008	-12.1781	 361	  0.012	5	
277.4760	-17.1322	 362	  0.465	2	
269.7050	-13.0031	 363	  2.190	2	
278.7284	-17.6262	 364	  0.102	3	
280.7323	-18.4499	 365	  0.093	1	
267.4448	-11.0141	 367	  0.800	4	
271.3309	-13.1619	 368	  1.550	4	
281.5307	-18.1961	 369	  0.016	2	
277.6462	-16.2147	 370	  0.009	4	
259.4196	 -6.0527	 371	  1.020	2	
277.6454	-16.0647	 372	  0.001	6	
261.4246	 -7.0431	 373	  0.395	1	
277.4690	-15.7989	 374	  0.348	3	
272.2050	-12.9910	 375	  0.118	4	
275.7132	-14.6407	 376	  0.730	4	
293.0719	-22.3926	 377	  0.002	3	
279.2195	-15.9571	 378	  0.088	3	
277.7155	-15.1310	 379	  0.181	4	312
275.7098	-13.9740	 380	  0.258	4	
279.3436	-15.7898	 381	  0.005	4	
266.9348	 -9.0165	 382	  0.219	4	
270.6949	-10.9983	 383	  0.754	3	
270.6936	-10.7483	 384	  7.160	1	
278.7139	-14.8429	 385	  0.011	3	
273.1998	-11.9862	 386	 18.700	3	
259.6600	 -4.0515	 387	  0.548	2	
278.2107	-14.2119	 388	  5.890	1	
278.2103	-14.1286	 389	  0.121	3	
278.9618	-14.4583	 390	  0.147	3	
258.9052	 -3.0551	 391	  0.393	3	
268.4324	 -8.5093	 392	  0.010	5	
266.1757	 -7.1869	 393	 20.000	2	
275.4509	-12.2252	 394	  1.500	1	
279.7100	-14.1214	 395	  0.416	3	
278.0056	-13.2129	 396	  0.004	3	
270.6865	 -9.3317	 397	  0.283	4	
278.2060	-13.2953	 398	  0.011	3	
276.7020	-12.4692	 399	  1.050	1	
268.9311	 -8.2568	 400	  0.095	4	
279.5333	-13.7889	 401	  0.007	5	102
277.4532	-12.7156	 402	  0.006	5	
279.2067	-13.4571	 403	  0.011	4	
277.4519	-12.4656	 404	  0.013	2	
275.6971	-11.4740	 405	 10.500	3	
276.4487	-11.8037	 406	  0.746	5	 95
278.7043	-12.9596	 407	  0.339	2	
272.6873	 -9.4886	 408	  0.474	4	
280.4564	-13.4512	 409	  1.460	4	
280.7064	-13.4500	 410	  5.000	3	
276.9469	-11.4680	 411	  0.010	5	
277.9493	-11.9632	 412	  0.018	4	
276.6457	-11.2195	 413	  0.010	5	
276.0689	-10.8389	 414	  0.010	5	
276.1929	-10.6383	 415	  0.140	4	 96  94
276.3178	-10.6377	 416	  0.005	6	
276.3177	-10.6044	 417	  0.003	5	
273.6856	 -9.1504	 418	  0.160	3	
273.1831	 -8.6529	 419	  0.108	4	
276.4412	-10.3038	 420	  0.010	5	
268.5690	 -5.8086	 421	  0.020	5	
272.9306	 -8.1541	 422	  0.007	6	
276.9407	-10.2180	 423	  0.012	5	
273.6823	 -8.4838	 424	  0.131	3	
266.7135	 -4.6842	 425	  0.017	5	
272.8797	 -7.9543	 426	  0.001	3	
276.6886	 -9.8026	 427	  0.004	5	
266.9127	 -4.5166	 428	  0.370	3	
274.1814	 -8.3147	 429	  0.068	6	
272.9280	 -7.6208	 430	  0.003	5	
273.4290	 -7.8183	 431	  0.093	4	
269.6688	 -5.7532	 432	  0.008	6	
280.6964	-11.4500	 433	  1.710	1	
280.6964	-11.4500	 434	  1.110	4	
278.1893	 -9.9620	 435	  8.400	4	 97
273.6769	 -7.4004	 436	  0.006	6	
275.0547	 -7.9771	 437	  0.163	5	
273.5507	 -7.1511	 438	  0.008	6	
269.9151	 -5.0020	 439	  0.181	3	
274.9272	 -7.4777	 440	  0.014	4	
270.9167	 -5.3305	 441	  2.560	2	
269.4127	 -4.5045	 442	  0.014	4	
278.1852	 -9.1287	 443	  0.045	5	100 101
270.6651	 -4.9984	 444	  1.030	4	
279.4375	 -9.6227	 445	  0.086	5	314
277.6828	 -8.6311	 446	  0.140	4	
273.9232	 -6.6492	 447	  0.546	4	
279.1859	 -9.2905	 448	  0.027	4	
282.9442	-11.1059	 449	  0.050	2	
278.1827	 -8.6287	 450	  0.048	4	
275.4256	 -7.1420	 451	  0.022	5	
284.1964	-11.6000	 452	  1.270	3	
276.1772	 -7.4717	 453	  2.430	3	
277.1795	 -7.9668	 454	  0.140	4	
279.4350	 -9.1227	 455	  0.018	5	
283.1934	-10.9381	 456	  0.032	3	321
284.1956	-11.4334	 458	  1.270	3	
280.6873	 -9.6167	 459	  3.000	3	
269.6590	 -3.7533	 460	  0.006	6	
272.4159	 -5.1565	 461	  0.117	4	
271.6635	 -4.6602	 462	  0.041	6	
277.9295	 -7.9632	 463	  1.000	3	
283.1917	-10.6048	 464	  0.034	3	
274.9207	 -6.1444	 466	  0.012	6	
274.7449	 -5.9786	 467	  0.006	5	
270.1578	 -3.5008	 468	  0.016	5	
273.3656	 -5.1019	 469	  0.003	5	
274.6687	 -5.7290	 470	  0.007	6	
274.9191	 -5.8111	 471	  0.056	4	
273.5400	 -4.9844	 472	  0.032	4	
279.4293	 -7.9560	 473	  0.224	3	
282.9373	 -9.6893	 474	  1.760	1	
274.7924	 -5.4783	 475	  0.029	4	
274.6670	 -5.3956	 476	  0.004	3	
274.7920	 -5.3950	 477	  0.006	3	
273.1626	 -4.4862	 478	  0.104	4	
274.7908	 -5.1450	 479	  0.003	5	
281.1815	 -8.4476	 480	  0.440	1	
276.4198	 -5.9705	 481	  7.260	2	
274.7906	 -5.1117	 482	  0.014	5	
274.4142	 -4.8135	 483	  0.038	6	
279.9268	 -7.4536	 484	  1.870	2	
279.1744	 -6.9572	 485	  0.665	4	
271.6553	 -2.9935	 486	  1.530	3	
274.2118	 -4.3145	 487	  0.004	4	
274.1614	 -4.2314	 488	  0.004	4	
277.1681	 -5.6335	 489	  0.238	3	
273.7843	 -3.8165	 490	  0.002	6	
276.9173	 -5.4681	 491	  0.262	3	
273.9093	 -3.8159	 492	  0.008	6	
273.1569	 -3.3196	 493	  0.081	4	
279.2470	 -6.4569	 494	  0.011	4	
279.7229	 -6.6546	 495	  0.002	6	
281.9281	 -7.7774	 496	  1.240	2	109
279.7977	 -6.6209	 497	  0.027	6	103
279.9979	 -6.6533	 498	  0.004	5	
280.1719	 -6.4524	 499	  0.050	4	
274.1569	 -3.3147	 500	  0.004	5	
274.4069	 -3.3135	 501	  0.022	5	
271.8748	 -1.8591	 502	  0.005	6	
277.2882	 -4.6329	 503	  0.008	6	
274.6561	 -3.1456	 504	  0.002	5	
274.9065	 -3.2278	 505	  0.007	5	
281.9237	 -6.8607	 506	  0.001	4	105
273.7535	 -2.6167	 507	  0.016	5	
272.3988	 -1.6566	 508	  0.036	3	
283.4257	 -7.3036	 509	  0.003	6	118 117
273.6516	 -2.2338	 510	  0.050	5	
276.4084	 -3.6372	 511	  0.812	3	
283.2997	 -7.1042	 512	  0.066	3	116
272.6483	 -1.5554	 513	  0.127	6	
283.2239	 -6.9379	 514	  0.005	5	114
279.4147	 -4.9560	 515	  8.440	3	
282.8474	 -6.6063	 516	  0.027	4	
281.2928	 -5.6137	 517	  0.265	1	
283.2973	 -6.6042	 518	  0.003	5	115
273.1464	 -1.1529	 519	  0.138	4	
275.4020	 -2.3087	 520	  0.097	5	
283.1190	 -5.9051	 521	  0.014	5	
282.9184	 -5.7727	 522	  0.176	4	320
282.2918	 -5.4423	 523	  0.061	4	
281.4145	 -4.9465	 524	  0.590	1	
279.6599	 -3.9549	 525	  2.160	2	
276.6520	 -2.3026	 526	  0.905	3	
281.6137	 -4.7789	 527	  0.005	4	
281.7887	 -4.7780	 528	  0.267	3	
281.4121	 -4.4465	 529	  0.258	2	
282.4136	 -4.7751	 530	  0.124	6	107 106 110
286.5230	 -6.8390	 531	  0.005	6	133
281.7867	 -4.3614	 532	  0.016	5	104
275.8971	 -1.3063	 533	  0.022	4	
283.1644	 -4.9382	 534	  3.185	3	111 108 119A117A323 325
279.2797	 -2.8900	 535	  0.029	1	
278.6531	 -2.5430	 536	  0.253	3	
275.6455	 -0.9742	 537	  0.534	1	
279.1543	 -2.7906	 538	  0.133	4	
275.9960	 -1.0725	 539	  0.022	6	
286.5210	 -6.4224	 540	  0.113	3	
279.0777	 -2.4576	 541	  0.043	4	
285.4173	 -5.5942	 542	  0.075	3	130
286.6698	 -6.1717	 543	  0.007	6	134
285.3915	 -5.4277	 544	  0.007	5	127
284.1885	 -4.7666	 545	  0.006	5	122
284.3884	 -4.7657	 546	  0.007	4	
282.6592	 -3.8572	 547	  2.300	4	
282.4085	 -3.6917	 548	  1.000	5	113
285.5407	 -5.2603	 549	  0.006	5	129
286.9178	 -5.7539	 550	  3.110	1	
284.4618	 -4.4320	 551	  0.002	5	123
286.0906	 -5.2577	 552	  0.032	3	327
285.7898	 -5.0925	 553	  0.020	3	
287.0174	 -5.6701	 554	  0.029	3	
280.3768	 -2.2847	 555	  0.008	4	316
284.7872	 -4.5138	 556	  0.130	4	126
279.6494	 -1.7882	 557	  0.181	6	
279.3987	 -1.6227	 558	  0.432	3	
278.1455	 -0.9621	 559	 17.000	4	
280.4002	 -1.9513	 560	  0.043	3	
284.4095	 -3.9323	 561	  1.550	2	121 120 119
285.6621	 -4.5097	 562	  0.020	5	131
279.8982	 -1.5370	 563	  2.500	1	
279.3967	 -1.2061	 564	  0.208	5	
283.9076	 -3.5180	 565	  1.370	2	
282.6541	 -2.7739	 566	  0.050	5	
286.0369	 -4.4746	 567	  0.024	6	132 328
284.8587	 -3.7635	 568	  0.010	3	324
274.6334	 +1.5210	 569	 31.000	2	
276.6431	 -0.4693	 570	  0.066	6	
277.6407	 +0.0355	 571	  0.142	3	
277.6407	 +0.0355	 572	 14.000	4	
277.1427	 -0.3836	 573	  0.026	3	
286.7866	 -4.4211	 574	  0.061	4	
277.0189	 -0.6342	 575	  0.078	3	
277.8677	 -0.3801	 576	  0.005	5	
286.4093	 -3.9229	 577	  0.784	3	
277.7932	 -0.4971	 578	  0.008	5	
283.9024	 -2.4346	 579	  1.710	3	
287.1600	 -4.0860	 580	  0.041	4	
286.8592	 -3.9208	 581	  0.072	6	136 135
283.1501	 -1.9382	 582	  0.283	5	
278.3879	 +0.6224	 583	  0.084	5	
284.1516	 -2.2668	 584	  0.077	4	
275.8810	 +2.0270	 585	  1.320	1	
279.7657	 +0.0457	 586	  0.034	3	
279.8907	 +0.0463	 587	  0.093	5	
279.0181	 -0.4579	 588	  0.034	6	
283.1477	 -1.4382	 589	  1.680	2	
286.6550	 -3.0051	 590	 10.000	2	326
279.1447	 -0.7906	 591	  0.330	3	
277.1310	 +2.0330	 592	  0.011	4	
279.8938	 -0.6204	 593	  0.462	3	
285.1492	 -1.7621	 594	  0.005	3	
296.4234	 -7.3776	 595	  0.052	3	
282.0398	 +0.2232	 596	  0.061	4	
282.6905	 +0.0763	 597	  0.018	5	
281.6875	 +0.7216	 598	  0.001	5	
282.8902	 +0.1439	 599	  0.022	4	
277.6270	 +2.8688	 600	  0.029	4	
281.6871	 +0.8049	 601	  0.001	5	
282.8912	 -0.0727	 602	  0.003	4	
281.5867	 +0.8877	 603	  0.004	6	
282.8898	 +0.2273	 604	  0.152	5	
281.6867	 +0.8882	 605	  0.002	5	
282.8918	 -0.1894	 606	  0.002	4	
282.0192	 -0.6935	 607	  0.147	2	
282.8930	 -0.4394	 608	  0.004	4	
282.8934	 -0.5227	 609	  0.003	4	
282.3950	 -0.8584	 610	  0.129	2	
283.9172	 -0.2679	 611	  0.015	5	
283.9930	 -0.4342	 612	  0.003	4	
284.1926	 -0.3499	 613	  0.007	5	
284.1926	 -0.3499	 614	  0.032	4	
289.9005	 -2.0734	 615	  1.350	3	
281.8811	 +2.0558	 616	  2.390	2	
284.3859	 +1.0677	 617	  0.745	5	
288.8967	 -1.2446	 618	  0.018	3	137
289.5227	 -1.4584	 619	  0.016	5	139
290.1463	 -1.1556	 620	  0.018	3	
281.8755	 +3.2225	 621	 45.000	3	
287.8925	 -0.3326	 622	  0.297	3	
298.6619	 -4.8679	 623	  3.190	3	
286.3836	 +1.5771	 624	  0.486	1	
286.6336	 +1.5782	 625	  0.002	3	
286.6332	 +1.6616	 626	  0.003	3	
288.5121	 +0.8369	 627	  2.990	2	138
284.6247	 +3.4355	 628	  2.000	4	
289.3860	 +1.0910	 629	  0.392	3	
279.7368	 +6.0456	 630	  0.301	1	
288.1290	 +2.5852	 631	  0.020	2	329
290.1337	 +1.5944	 632	  0.765	1	141
280.2320	 +7.0480	 633	  0.075	2	
280.3546	 +7.5486	 634	  0.059	2	
287.3717	 +4.1317	 635	  0.001	5	
286.6192	 +4.6615	 636	  0.220	5	
280.3513	 +8.2153	 637	  0.030	3	
282.6060	 +7.3093	 638	 20.000	2	
288.1174	 +5.0852	 639	  1.370	2	
290.6223	 +4.0966	 640	  1.620	1	
289.1175	 +5.0898	 641	  0.380	1	
289.8676	 +5.0932	 642	  0.554	3	140
291.0190	 +4.8318	 643	  0.015	5	
289.8607	 +6.5932	 644	  2.340	2	
289.8572	 +7.3432	 645	  5.000	1	
288.6034	 +8.0874	 646	  2.520	2	
289.9814	 +7.5104	 647	  0.206	4	330
279.8289	+12.7128	 648	  0.011	6	
288.1005	 +8.6684	 649	 23.000	2	
279.9523	+13.0467	 650	  0.050	4	
289.8537	 +8.0932	 651	  0.025	4	
289.6021	 +8.4254	 652	  0.217	2	
280.5774	+13.0497	 653	  0.643	2	
292.3588	 +7.1045	 654	  4.560	1	331 332
290.0766	 +8.5442	 655	  0.020	5	
290.3271	 +8.4620	 656	  0.001	5	
290.3501	 +8.8955	 657	  0.075	5	
290.2241	 +9.0949	 658	  0.016	4	
280.3223	+14.0485	 659	  1.460	3	
279.3195	+14.5437	 660	  2.280	1	
290.4491	 +9.0959	 661	  0.008	4	
284.3315	+12.4009	 662	  0.416	1	
294.2322	 +7.5629	 663	  0.005	6	335
290.2210	 +9.7615	 664	  0.183	4	
279.9430	+14.8801	 665	  0.077	3	
280.1922	+15.0479	 666	  0.131	4	
286.3337	+12.0769	 667	  2.630	3	
295.8585	 +7.3701	 668	  0.037	3	338
285.5798	+12.8234	 669	  1.280	4	128
295.6074	 +7.6190	 670	  0.168	2	
294.3533	 +8.4468	 671	  0.102	2	
296.8599	 +7.1245	 672	  0.687	1	
290.2139	+11.2615	 673	  0.199	6	
292.0934	+10.4367	 674	  0.458	1	
290.9899	+11.0984	 675	  0.003	6	
290.3877	+11.5123	 676	  0.006	6	
290.5876	+11.5632	 677	  0.006	6	
296.1030	 +8.6212	 678	  0.050	4	
288.3311	+12.7529	 679	  0.936	3	
296.1780	 +8.6382	 680	  0.007	5	
296.1023	 +8.7878	 681	  0.066	2	339
292.2161	+10.9373	 682	  0.052	3	333
290.3357	+11.9288	 683	  0.104	3	
290.4584	+12.4293	 684	  0.185	5	
292.4638	+11.4384	 685	  0.037	2	
290.8335	+12.4310	 686	  0.009	4	
294.6444	+10.4148	 687	  0.006	5	
294.6941	+10.4817	 688	  0.016	5	142
295.0952	+10.2834	 689	  0.057	4	
295.1700	+10.3338	 690	  0.035	3	
292.3364	+11.9378	 691	  0.063	2	
290.5810	+12.9299	 692	  0.050	4	
287.5722	+14.4994	 693	 17.000	2	
295.1672	+10.9504	 694	  0.109	6	143
296.0948	+10.4545	 695	  0.351	1	
292.3333	+12.6045	 696	  0.019	2	
285.5636	+16.0734	 697	  0.561	2	
291.5306	+13.1009	 698	  0.012	6	
292.3325	+12.7711	 699	  0.020	2	
295.3158	+11.2511	 700	  0.005	4	
293.7354	+12.2774	 701	  0.016	4	334
294.1106	+12.2791	 702	  0.005	5	336
296.8934	+10.8413	 703	  0.020	2	
291.7025	+13.7683	 704	  0.097	6	
294.2099	+12.4462	 705	  0.086	4	337
275.0301	+21.7565	 706	  0.008	4	
297.1657	+11.4592	 707	  0.024	5	340
285.5559	+17.5734	 708	  0.020	3	
288.5631	+16.4207	 709	  0.002	6	
285.5533	+18.0734	 710	  0.045	3	
285.5533	+18.0734	 711	  6.000	1	
284.8004	+18.5698	 712	  0.865	2	
288.0595	+17.0850	 713	  4.000	3	
288.0553	+17.9183	 714	  0.009	4	
286.2984	+19.0769	 715	  0.115	3	
290.8108	+17.0976	 716	 14.000	4	
289.0553	+18.0063	 717	  0.147	5	
288.0518	+18.5850	 718	  0.524	4	
285.7947	+19.7412	 719	  0.088	2	
294.3208	+15.4467	 720	  7.000	2	
292.8139	+16.6900	 721	 19.000	3	
291.0543	+18.4321	 722	  0.023	5	
289.5494	+19.2252	 723	  0.010	5	
288.0440	+20.0850	 724	  6.000	2	
292.0562	+18.1700	 725	  0.005	5	
296.5697	+15.9566	 726	  0.030	1	
292.8061	+18.2733	 727	  0.018	4	
287.2884	+21.0815	 728	  1.000	1	
295.0874	+17.2835	 729	  0.023	5	
290.0460	+19.9275	 730	  0.023	5	
294.5605	+17.6145	 731	  0.270	4	
289.9197	+20.1769	 732	  0.018	5	
296.0638	+17.1211	 733	  0.398	2	
287.0328	+22.0803	 734	  0.660	2	
290.5437	+20.4298	 735	  0.019	5	
288.5364	+21.5873	 736	  0.660	2	
295.0575	+18.2834	 737	  0.077	4	
290.2910	+20.9287	 738	  0.062	2	
291.0432	+20.5987	 739	  0.384	3	
292.0464	+20.1033	 740	  3.800	2	
290.2901	+21.0953	 741	  7.000	4	
293.2998	+19.6089	 742	  0.047	4	
294.6040	+18.9480	 743	  0.014	4	
289.8631	+21.4267	 744	  0.027	4	
297.0613	+17.7921	 745	  0.490	2	
290.5392	+21.2965	 746	  0.035	4	
295.3048	+18.8678	 747	  0.017	4	
291.2907	+21.0999	 748	  0.570	2	
288.7821	+22.4218	 749	  0.295	3	
289.5343	+22.0919	 750	  8.000	2	
290.2617	+21.7452	 751	  0.003	4	
294.7261	+19.5319	 752	  0.012	4	
297.0589	+18.2921	 753	  0.005	5	
296.8067	+18.7077	 754	  0.008	4	
291.7893	+21.4355	 755	  0.167	3	
291.9144	+21.4360	 756	  0.007	4	
295.5516	+19.5689	 757	  0.033	4	
296.6804	+18.9571	 758	  0.029	5	
287.5222	+24.0826	 759	  0.358	1	
292.5377	+21.8555	 760	  0.010	3	
294.0427	+21.1122	 761	  0.116	5	
289.9788	+23.1773	 762	  0.010	4	
289.6522	+23.4258	 763	  0.008	6	
289.7773	+23.4263	 764	  0.079	3	
296.0484	+20.2877	 765	  0.040	4	
297.3026	+19.6265	 766	  1.040	2	
291.2820	+22.7665	 767	  0.201	3	
292.0334	+22.6032	 768	  0.111	4	
291.0300	+23.0987	 769	  0.016	6	
293.0368	+22.1077	 770	  0.344	2	
290.1771	+23.5282	 771	  0.005	6	
291.2802	+23.0998	 772	  0.068	4	
290.6279	+23.4302	 773	  0.004	4	
290.7280	+23.4307	 774	  0.002	5	
290.9031	+23.4315	 775	  0.025	4	
293.7873	+22.1111	 776	  0.529	2	
288.0169	+25.0849	 777	  0.226	1	
291.7774	+23.6854	 778	  0.043	6	
292.5298	+23.3555	 779	  0.140	3	
288.5154	+25.4206	 780	  0.127	2	
292.0272	+23.7699	 781	  0.047	3	
292.0263	+23.9366	 782	  0.010	5	
291.7752	+24.1021	 783	  0.050	3	
292.2756	+24.1044	 784	  0.391	2	
293.5266	+24.1100	 785	  0.007	3	
292.8993	+24.4405	 786	  0.038	3	
298.2911	+22.1308	 787	 24.000	2	
293.3979	+24.7761	 788	  0.007	3	
297.4077	+23.6270	 789	  0.014	3	
293.7682	+25.6944	 790	  0.005	4	
297.4060	+23.9603	 791	  0.095	4	
294.2687	+25.6966	 792	  0.145	4	
294.8957	+25.4494	 793	  0.066	3	
294.2637	+26.6133	 794	  0.278	1	
294.2637	+26.6133	 795	  0.278	1	
296.0168	+26.3710	 796	  0.014	4	
301.4126	+23.4773	 797	  0.013	3	
296.7689	+26.1243	 798	  2.500	3	
295.6382	+26.9527	 799	  0.026	4	
296.0145	+26.7876	 800	  0.036	4	
300.8579	+24.3083	 801	  0.041	3	
299.9285	+24.9711	 802	  0.005	4	
295.5863	+27.2858	 803	  0.019	4	
295.7116	+27.2530	 804	  0.018	4	
300.4051	+24.7565	 805	  0.005	4	
296.0878	+27.1213	 806	  0.006	4	
295.9112	+27.3705	 807	  0.025	4	
296.2620	+27.2887	 808	  0.014	4	
301.0288	+25.1424	 809	  2.200	1	
296.2583	+27.9554	 810	  0.047	4	
295.0017	+28.8666	 811	  0.253	1	
296.2550	+28.5387	 812	  0.145	3	
295.7511	+29.1199	 813	  0.224	3	
301.0207	+26.7257	 814	  0.032	3	
296.7523	+29.1242	 815	  2.320	3	
293.9908	+30.5288	 816	  0.025	1	
295.2447	+30.1176	 817	  5.000	2	
304.2778	+26.1557	 818	 10.000	1	
296.9954	+30.3753	 819	  0.118	2	
296.2410	+30.9554	 820	  0.378	3	
294.2795	+32.4467	 821	  0.007	3	
296.7347	+32.1242	 822	  2.410	1	
302.2541	+30.1475	 823	  1.440	2	
304.0107	+29.4047	 824	  0.212	4	
297.9804	+33.1296	 825	  2.050	3	
297.2267	+33.5430	 826	  0.055	3	
304.5099	+29.7067	 827	  0.055	4	
297.7274	+33.5452	 828	  0.019	3	
298.3039	+33.4476	 829	  0.011	4	
297.9763	+33.7796	 830	  0.015	3	
298.4775	+33.7151	 831	  0.012	4	
298.7276	+33.7661	 832	  0.022	4	
298.7274	+33.7995	 833	  1.500	2	
298.4733	+34.3984	 834	  0.015	4	
298.3463	+34.6812	 835	  0.014	3	
298.3461	+34.7145	 836	  0.012	4	
305.9816	+30.7792	 837	  0.008	4	
306.0066	+30.7793	 838	  0.008	4	
299.9773	+34.1381	 839	  1.400	1	
298.5688	+35.1321	 840	  0.110	3	
302.7378	+33.1496	 841	 30.000	3	
304.9983	+31.9920	 842	  0.016	4	
305.1740	+31.9260	 843	  0.007	4	
307.6100	+30.6689	 844	  0.020	3	
301.2531	+34.3601	 845	  0.200	2	
310.5226	+29.1799	 846	  3.000	1	
300.4719	+35.1402	 847	  3.000	3	341
301.3251	+34.8604	 848	  0.011	4	
301.1483	+35.1097	 849	  0.011	4	
302.9824	+34.1506	 850	  0.800	1	
307.5797	+31.6688	 851	  0.020	3	
301.4736	+35.1444	 852	  0.030	3	
301.7236	+35.2287	 853	  0.002	5	147
299.4622	+36.3859	 854	  0.108	2	
299.6375	+36.3867	 855	  0.008	3	
302.0495	+35.1801	 856	  0.015	3	
300.4656	+36.1402	 857	  0.800	1	144
302.7772	+34.9497	 858	  0.200	4	
307.8516	+32.3365	 859	  0.015	4	
301.2174	+36.0600	 860	  0.001	6	146
300.1108	+36.7720	 861	  0.005	3	
301.7125	+36.9787	 862	  0.800	1	
301.9370	+37.1130	 863	  0.005	4	
310.5075	+32.1799	 864	  5.000	3	
301.0560	+37.7760	 865	  0.075	4	145
301.7824	+37.7790	 866	  0.172	3	
299.9725	+38.7215	 867	  0.011	3	
311.7600	+32.1845	 868	  0.654	2	
299.9422	+39.4713	 869	  0.034	1	
309.2388	+35.1752	 870	 25.000	2	
301.4428	+39.8110	 871	  0.068	2	
300.4360	+40.4734	 872	  0.083	1	
310.2409	+35.1789	 873	  0.980	1	
310.4915	+35.1798	 874	  0.980	1	
301.9427	+39.9797	 875	  0.004	3	
302.3191	+39.8979	 876	  0.029	3	
303.5718	+39.9030	 877	  0.007	6	
302.1884	+40.6641	 878	  0.003	4	
305.2044	+39.3262	 879	  0.004	5	
303.4437	+40.3192	 880	  0.015	5	343
304.4494	+39.8232	 881	  0.005	6	
304.8263	+39.6581	 882	  0.002	5	
304.9516	+39.6586	 883	  0.003	5	
301.4308	+41.4776	 884	  1.230	2	
302.3102	+41.1479	 885	  0.002	4	342
304.6988	+39.9909	 886	  1.050	2	
300.9222	+42.4755	 887	  0.019	4	
304.6942	+40.6576	 888	  4.460	3	344
306.2012	+40.1635	 889	  0.800	4	347
300.9190	+42.8922	 890	  0.054	3	
303.4317	+41.9858	 891	  0.011	4	
303.9341	+41.8212	 892	  0.054	4	
303.1793	+42.2348	 893	  0.034	3	
303.9335	+41.9045	 894	  0.004	4	
303.9280	+42.6545	 895	  5.640	2	
310.4650	+39.6798	 896	  0.028	5	
306.1873	+42.1635	 897	  0.111	4	
310.4640	+39.8465	 898	  0.070	4	
305.9331	+42.6625	 899	  0.018	4	
306.1831	+42.7468	 900	  0.016	4	
305.3767	+43.3270	 901	  0.006	4	
305.4268	+43.3272	 902	  0.001	5	
302.1546	+45.0640	 903	  0.005	5	
313.2253	+39.1898	 904	  8.000	1	
302.4032	+45.3150	 905	  0.018	4	
309.1953	+42.1751	 906	 15.780	3	348 346 349
311.3088	+41.0163	 907	  0.047	3	
304.9113	+45.1585	 908	  0.366	3	
304.9113	+45.1585	 909	  3.840	3	
304.9099	+45.3252	 910	  0.011	4	
310.1929	+42.9288	 911	  0.013	4	
316.9885	+38.7027	 912	  0.800	1	
306.0632	+45.3297	 913	  0.011	4	
312.9592	+41.6889	 914	  5.210	3	
311.3452	+43.0997	 915	  0.007	6	
314.4668	+41.1942	 916	  1.440	2	
310.0590	+44.1450	 917	  0.001	6	
310.2348	+44.0957	 918	  0.004	6	
308.1697	+45.2879	 919	  0.001	5	
308.1693	+45.3379	 920	  0.001	5	
308.2952	+45.2717	 921	  0.002	5	
309.6795	+44.5936	 922	  0.005	6	
308.6721	+45.1731	 923	  0.054	3	
308.4201	+45.3388	 925	  0.002	5	
308.8465	+45.3238	 926	  0.002	5	
315.9719	+41.0993	 927	  0.025	4	
310.2563	+44.5957	 928	  0.003	6	
308.9216	+45.3408	 929	  0.002	5	
309.2225	+45.3419	 930	  0.002	5	
311.9418	+43.8519	 931	  0.013	5	
316.4688	+41.8677	 932	  0.004	4	
313.1934	+44.1897	 933	  0.132	1	
316.7682	+42.1187	 934	  0.011	4	
314.1989	+43.8599	 935	  2.250	4	152
312.9356	+45.1888	 936	  0.914	2	
317.4684	+42.4544	 937	  8.130	3	
317.2161	+42.7035	 938	  0.316	3	
307.7700	+48.1697	 939	 20.000	1	
313.4344	+45.5906	 940	  0.151	2	
314.1852	+45.8266	 941	  0.105	5	153
319.0943	+43.2096	 942	  0.006	5	
319.1685	+43.3932	 943	  0.009	3	
319.4200	+43.2940	 944	  0.002	6	
314.4310	+46.5275	 945	  0.160	2	
319.7451	+43.4617	 946	  0.001	5	
319.9968	+43.3125	 947	  0.008	5	
320.1728	+43.2464	 948	  0.001	5	
319.8450	+43.5287	 949	  0.014	5	
315.1329	+46.6132	 950	  0.112	5	356
320.2728	+43.3134	 951	  0.005	6	
320.1214	+43.4629	 952	  0.001	5	
320.3477	+43.3803	 953	  0.001	6	
315.4297	+47.1976	 954	  0.450	3	
314.4210	+47.8608	 955	  0.081	3	
317.8975	+45.9725	 956	  0.003	5	
315.1744	+47.7800	 957	  0.256	1	
314.7453	+48.1119	 958	  0.012	5	
317.9439	+46.5393	 959	  0.079	1	
317.1364	+47.1700	 960	  0.003	5	
317.2112	+47.2369	 961	  0.006	5	
315.4209	+48.3642	 962	  0.666	2	
318.4457	+46.5409	 963	  0.104	3	
317.3859	+47.3708	 964	  0.006	5	
319.9559	+45.8790	 965	  0.430	3	
315.0392	+49.0296	 966	  0.172	4	
317.5601	+47.5714	 967	  0.156	3	
320.6356	+45.5478	 968	  0.014	2	
323.4828	+43.5897	 969	  0.018	3	
318.1890	+47.3734	 970	  0.123	4	361
315.2126	+49.3135	 971	  0.010	5	
320.3307	+46.1302	 972	  0.050	4	
324.3630	+43.2255	 973	  0.029	5	159
319.8255	+46.6286	 974	  0.192	4	
317.9344	+47.8726	 975	  0.075	5	
321.0342	+46.0157	 976	  0.000	2	
324.7394	+43.2266	 977	  0.034	4	
315.2848	+49.6971	 978	  0.200	5	
324.8641	+43.3603	 979	  0.002	5	
321.2086	+46.2163	 980	  0.000	1	
314.9041	+50.1958	 981	  0.033	6	
315.6094	+49.9149	 982	  0.019	5	
323.0980	+45.0552	 983	  0.068	3	156 155
315.4062	+50.1975	 984	  0.056	4	
314.7754	+50.5787	 985	  0.033	4	
323.0970	+45.2219	 986	  0.079	2	
315.2013	+50.6802	 987	  0.009	5	
316.1593	+50.2001	 988	  0.210	1	
320.4468	+47.5473	 989	  1.400	3	
314.7191	+51.2785	 990	  0.051	5	
315.5762	+50.8814	 991	  0.016	5	
313.6327	+52.0247	 992	  0.080	3	
321.6526	+47.4176	 993	  0.001	4	
321.5004	+47.6505	 994	  0.009	3	
321.6770	+47.5177	 995	  0.001	4	
314.3867	+51.9440	 996	  0.080	5	
321.6508	+47.6843	 997	  0.001	5	
316.0254	+51.1996	 998	  0.172	4	
316.9083	+50.7026	 999	  7.200	1	
316.6559	+50.8684	1000	  0.255	1	
321.8266	+47.6848	1001	  0.001	5	
314.1286	+52.6931	1002	  1.970	2	
314.8851	+52.3624	1003	  0.079	5	
315.3873	+52.3642	1004	  0.174	4	
318.4149	+50.7075	1005	  7.000	3	
322.8300	+47.8045	1006	  0.039	3	
321.3162	+48.8833	1007	  0.153	3	363
321.6917	+49.0511	1008	  0.013	5	
323.4571	+47.8896	1009	  0.061	4	
324.7177	+47.0599	1010	  0.182	4	
316.6429	+52.3684	1011	  0.078	4	
323.5310	+48.1065	1012	  0.021	4	
315.1267	+53.3633	1013	  0.048	5	
321.0068	+49.9990	1014	  0.004	6	
315.1251	+53.5299	1015	  0.049	5	
319.9443	+51.0124	1016	  0.003	5	
321.3321	+50.1667	1017	  0.027	5	362
316.1322	+53.2834	1018	  0.016	5	
320.2462	+50.9467	1019	  0.003	5	
325.7209	+47.2294	1020	  0.136	3	
320.3962	+51.0305	1021	  0.001	6	
317.3918	+52.8709	1022	  0.382	4	
314.6145	+54.3615	1023	  0.280	2	
325.5685	+47.5289	1024	  0.011	5	
315.3714	+54.0308	1026	  0.048	5	
316.6337	+53.3684	1027	  0.026	5	
316.3810	+53.5342	1028	  0.055	4	
315.3697	+54.1975	1029	 10.000	3	
326.6256	+47.0985	1030	  0.031	4	
326.4742	+47.2314	1031	  0.020	5	
315.8729	+54.1158	1032	  0.043	4	
309.3073	+57.1758	1033	  0.714	3	
316.3762	+54.0342	1034	  0.045	4	
326.1699	+47.7306	1035	  0.109	5	
309.5584	+57.1767	1036	  0.088	5	
313.5983	+55.4413	1037	  0.591	3	
311.5782	+56.3508	1038	  0.660	2	
310.5674	+56.8471	1039	  0.079	4	
326.6470	+47.7319	1040	  0.016	4	
309.5542	+57.5100	1041	  0.022	5	
327.3018	+47.4003	1042	  0.015	5	
324.9551	+49.2273	1043	  1.148	2	
310.3099	+57.3462	1044	  0.006	5	
327.0995	+47.6497	1045	  0.018	4	
325.8373	+48.7297	1046	  0.088	3	
327.0229	+47.8662	1047	  0.005	5	
323.8173	+50.3407	1048	  0.069	3	
310.5590	+57.5138	1049	  0.005	6	
316.3679	+54.8675	1050	  0.090	4	
310.6846	+57.5142	1051	  0.010	5	
326.9711	+48.1327	1052	  0.018	5	
314.8517	+55.6957	1053	  0.033	5	357
323.6889	+50.7237	1054	  6.000	2	
328.3074	+47.2029	1055	  0.199	3	168
314.5968	+56.0282	1056	  0.036	2	
325.9575	+49.5634	1057	  0.053	4	
315.6019	+56.0316	1058	  0.869	3	
325.1961	+50.7279	1059	  0.059	3	
317.8713	+55.2892	1060	  0.031	4	
314.5815	+57.3615	1061	  0.618	2	354
318.3714	+55.5408	1062	  0.003	5	
316.8547	+56.3692	1063	  0.025	5	360
318.3705	+55.6241	1064	  0.001	5	
316.8529	+56.5358	1065	  0.023	5	151
326.9547	+50.7327	1066	  0.208	3	
317.3538	+56.7042	1067	  0.012	5	
316.5700	+57.1182	1068	  0.027	5	359
317.1006	+56.8700	1069	  0.018	4	
326.7012	+51.0654	1070	  0.050	5	164
314.5713	+58.1948	1071	  0.092	5	
319.1186	+56.2099	1072	  1.510	2	
327.0759	+51.3997	1073	  0.162	2	
323.6645	+53.8903	1074	  0.027	5	364
322.9062	+54.3881	1075	  0.145	4	157
312.3370	+59.8536	1076	  0.008	5	149 148
324.4198	+53.7258	1077	  0.002	5	
324.1658	+54.0584	1078	  0.018	5	
323.1547	+54.7222	1079	  0.011	5	
320.3721	+56.5471	1080	  0.001	5	154
324.1630	+54.3917	1081	  0.584	2	
312.7848	+60.1886	1082	  0.111	5	150
323.3948	+55.9729	1083	  0.761	3	
325.4157	+54.8953	1084	  0.099	4	
323.3874	+56.7562	1085	  0.010	4	
322.1220	+57.5525	1086	  0.095	4	
323.8923	+56.5576	1087	  0.013	5	
324.6498	+56.2265	1088	  0.019	4	160
308.2030	+63.5051	1089	  0.244	3	
323.8907	+56.7243	1090	  0.028	4	365
330.2073	+52.9077	1091	  0.124	2	
324.3913	+56.9757	1092	  0.014	3	
323.3787	+57.6395	1093	  0.034	4	
308.1932	+64.0051	1094	  0.002	5	
325.6550	+56.3126	1095	  0.012	4	162
322.8713	+58.0547	1096	  0.001	3	
326.6660	+55.7320	1097	  0.003	4	
323.6302	+57.6402	1098	  0.025	3	
324.1358	+57.3917	1099	  0.008	5	
308.6963	+64.0070	1100	  0.007	5	
324.8943	+56.9772	1101	  0.095	3	
323.1229	+58.0554	1102	  0.008	5	
325.4248	+56.7286	1103	  0.003	6	161
325.5254	+56.7289	1104	  0.006	4	
324.2850	+57.5588	1105	  0.008	4	
325.6497	+56.8959	1106	  0.009	4	163
329.1905	+54.4885	1107	 11.000	1	
321.5968	+59.5509	1108	  0.046	3	
327.9228	+55.8186	1109	  0.150	2	
324.8855	+57.8938	1110	  0.007	4	
324.8855	+57.8938	1111	  0.002	6	
324.6322	+58.0598	1112	  0.013	4	
326.1500	+57.1973	1113	  0.002	5	367
327.4148	+56.4007	1114	  0.016	4	
326.6551	+56.9820	1115	  0.002	5	
324.1239	+58.5583	1116	  0.034	3	
324.6297	+58.3098	1117	  0.004	5	
326.6530	+57.2153	1118	  0.001	5	
318.2972	+61.7073	1119	  0.010	5	
326.9051	+57.1493	1120	  0.001	5	
325.1332	+58.2778	1121	  0.008	5	
308.1655	+65.3384	1122	  0.041	4	
324.8796	+58.4771	1123	  0.003	5	
325.3853	+58.2285	1124	  0.015	5	
318.6747	+61.7085	1125	  0.010	5	
324.8787	+58.5605	1126	  0.006	5	
325.2310	+58.5615	1127	  0.004	5	
325.3820	+58.5619	1128	  0.015	5	
326.6466	+57.8986	1129	  0.041	3	
326.1394	+58.3139	1130	  0.012	4	
324.9940	+59.5608	1131	  0.046	3	366
326.6385	+58.7320	1132	  0.003	4	
330.6864	+56.2422	1133	  0.248	3	
325.3642	+60.2285	1134	  2.630	1	
324.8560	+60.6438	1135	  0.054	3	
326.3739	+59.9813	1136	  0.012	5	
327.8937	+59.0686	1137	  0.018	5	368
327.8937	+59.0686	1138	  0.018	4	
328.9052	+58.5712	1139	  0.015	5	
325.1048	+60.8945	1140	  0.240	2	
328.9037	+58.7378	1141	  0.010	4	
329.1523	+59.0718	1142	  0.002	5	
329.4048	+58.9891	1143	  0.020	6	
327.6313	+60.1179	1144	  0.027	5	166 165 167
322.8149	+62.7213	1145	  0.183	3	
322.8149	+62.7213	1146	  0.183	3	
310.1326	+67.3458	1147	  0.127	3	
310.1326	+67.3458	1148	  0.015	6	
329.4035	+59.1224	1149	  0.015	4	170
333.9589	+55.9996	1150	  0.007	3	369
329.9075	+59.0737	1151	  0.027	3	169
308.6042	+68.0068	1152	  0.025	5	
330.1600	+58.9909	1153	  0.079	5	171
334.2091	+56.2168	1154	  0.007	3	
310.8799	+67.6819	1155	  0.006	6	
334.9671	+55.7517	1156	  0.043	2	
309.8636	+68.0115	1157	  0.005	5	
311.1318	+67.6829	1158	  0.111	4	
331.6741	+58.5779	1159	  2.790	1	
331.1670	+58.9933	1160	  0.019	3	
334.9645	+56.1350	1161	  0.006	3	
320.0072	+65.0462	1162	  0.004	3	
335.2159	+56.1689	1163	  0.007	2	
331.6691	+59.1612	1164	  0.019	6	174
331.7957	+59.0781	1165	  0.019	6	
331.4135	+59.5773	1166	  0.001	6	173
315.9354	+67.0330	1167	  0.062	2	
314.1577	+67.6103	1168	  0.003	5	
331.7898	+59.7448	1169	  0.004	5	
315.4180	+67.6146	1170	  0.215	3	
313.3837	+68.3243	1171	  0.002	5	
315.6682	+67.6988	1172	  0.010	6	
316.1724	+67.7005	1173	  0.006	5	
315.6561	+68.1988	1174	  0.294	4	
333.4179	+60.7485	1175	  0.015	3	
322.7501	+66.7212	1176	  0.446	1	
319.6907	+68.2620	1177	  0.005	4	
332.2684	+62.3293	1178	  0.005	5	
336.8324	+59.0388	1179	  0.002	5	
336.7049	+59.2552	1180	  7.000	1	
325.5352	+66.1458	1181	  0.008	4	
333.2808	+61.9148	1182	  0.004	5	
325.5338	+66.2291	1183	  0.090	2	
335.1815	+60.7522	1184	  0.124	3	
337.3358	+59.0897	1185	  0.006	6	
333.4047	+62.1318	1186	  0.005	5	
339.4881	+57.2603	1187	  0.145	3	
334.1645	+61.7501	1188	  0.398	3	
339.7398	+57.2607	1189	  0.473	2	
337.7132	+59.1404	1190	  0.004	4	
333.5278	+62.4154	1191	  0.004	5	
338.4726	+58.5918	1192	  0.007	5	
333.6539	+62.4157	1193	  0.002	5	
338.2173	+59.0914	1194	  0.009	3	
336.6892	+61.2552	1195	  0.017	5	
336.6892	+61.2552	1196	  0.029	4	
339.4778	+58.9269	1197	  0.009	6	
339.2227	+59.4265	1198	  0.054	2	
323.9752	+68.5581	1199	  0.235	2	
341.4939	+58.7636	1200	  0.020	5	
335.9123	+63.5037	1201	  0.009	3	
336.6729	+63.0885	1202	  0.004	5	
336.9259	+63.0057	1203	  0.016	3	
336.6714	+63.2552	1204	  2.500	2	
341.4838	+60.4302	1205	  0.095	2	
337.1644	+64.4228	1206	  0.083	3	
337.4167	+64.4233	1207	  0.047	2	
337.6691	+64.4237	1208	  0.018	1	
337.4134	+64.7566	1209	  0.111	1	
341.2204	+62.0965	1210	  0.011	4	
341.7242	+62.1806	1211	  0.011	5	
341.9761	+62.2143	1212	  0.014	3	
337.9112	+65.4242	1213	  0.006	5	
338.4126	+65.7584	1214	  0.256	1	
342.9857	+62.0991	1215	  0.021	5	
342.9846	+62.2658	1216	  0.142	4	
333.2832	+70.7483	1217	  0.186	3	175
345.5067	+62.2692	1218	  1.590	3	
332.8984	+70.9975	1219	  0.003	5	
346.0134	+61.8531	1220	  0.006	4	
337.1084	+69.0061	1221	  0.020	5	
346.2661	+61.7701	1222	  0.002	4	
344.2324	+64.2675	1223	  1.010	1	
346.0025	+63.7698	1224	  0.016	3	
348.0322	+61.6053	1225	  0.036	4	
347.5246	+62.2715	1226	  0.009	4	
347.5244	+62.3215	1227	  0.008	5	
314.7562	+77.5297	1228	  0.086	1	
348.5349	+61.9892	1229	  0.004	5	
348.5348	+62.0225	1230	  0.002	5	
349.5467	+61.2735	1231	  0.013	5	
349.2925	+61.7732	1232	  0.004	4	
349.1136	+62.3397	1233	  0.001	6	
349.2899	+62.4066	1234	  0.004	6	
333.7287	+73.4160	1235	  0.037	6	
343.1805	+68.9328	1236	  0.044	4	
350.6514	+62.6077	1237	  0.004	4	
353.0811	+59.7761	1238	 14.000	2	
348.0843	+66.0721	1239	  0.005	5	
347.7535	+66.4384	1240	  0.126	2	
327.5123	+76.7348	1241	  1.380	1	
337.7917	+73.2574	1242	  0.793	3	
332.6554	+75.3304	1243	  0.081	3	
351.3068	+62.7749	1244	  0.007	4	
353.0786	+60.7761	1245	  0.070	3	
351.3038	+63.6083	1246	  0.002	6	
335.1995	+75.2525	1247	  0.167	4	
353.0746	+62.2761	1248	  4.260	2	
356.1071	+58.9443	1249	  0.047	1	
350.5291	+67.2743	1250	  2.630	1	
339.0131	+75.2596	1251	  0.195	5	
356.3529	+63.2777	1252	  0.181	3	
359.1314	+58.5283	1253	  0.009	6	
359.1313	+58.7783	1254	  0.152	3	
358.3741	+60.5282	1255	  0.001	5	
358.8787	+60.0282	1256	  0.161	3	
359.3830	+59.6616	1257	  0.029	5	
359.7611	+59.6116	1258	  0.010	2	
350.7289	+74.2745	1259	  0.035	2	
359.2548	+64.9449	1260	  0.004	4	
351.7459	+74.2753	1261	  0.030	4	
351.7459	+74.2753	1262	  0.066	6	
359.3811	+64.8450	1263	  0.002	5	
358.1142	+68.2781	1264	  0.102	2	
002.4073	+58.8615	1265	  0.003	3	
359.3799	+67.2783	1266	  2.540	2	
000.1387	+66.7783	1267	  0.019	3	
359.8857	+67.4450	1268	  0.158	4	
000.1386	+67.1617	1269	  0.025	4	
000.3915	+67.1617	1270	  0.009	4	
000.3915	+67.2783	1271	  0.010	5	
000.6444	+67.2783	1272	  8.690	1	
000.6447	+68.5283	1273	  0.199	2	
359.3777	+70.9449	1274	  0.032	4	
001.6561	+67.4449	1275	  0.020	5	
003.1688	+64.0280	1276	  0.004	2	
003.4213	+64.0279	1277	  0.007	3	
003.9260	+63.8611	1278	  0.017	3	
004.4308	+63.7776	1279	  0.025	4	
004.9335	+62.6608	1280	  0.019	4	
004.6835	+63.9442	1281	  0.006	4	
005.4365	+61.7772	1282	  0.016	4	
005.6886	+61.7104	1283	  0.008	3	
005.4393	+63.1939	1284	  0.010	2	
006.1965	+63.1935	1285	  0.013	2	
008.7075	+58.9420	1286	  0.060	2	
008.9736	+63.4419	1287	  0.021	4	
009.4897	+66.1081	1288	  0.342	2	
322.8429	+88.3954	1289	  0.012	2	
010.4788	+61.1073	1290	  0.013	5	
010.5579	+62.0239	1291	  0.004	5	
325.1186	+88.5685	1292	  0.466	1	
010.4865	+63.1073	1293	  0.011	4	
010.5841	+62.2739	1294	  0.002	5	
011.2085	+52.4400	1295	  0.029	5	
011.2093	+52.7734	1296	  0.032	3	
010.7375	+62.7738	1297	  0.061	4	
010.8570	+61.1070	1298	  0.015	5	
011.2676	+55.7400	1299	  0.005	5	
010.9844	+61.4402	1300	  0.008	5	
010.9380	+62.4569	1301	  0.002	5	
010.9860	+61.8569	1302	  0.005	4	
010.7489	+65.2738	1303	  0.700	2	
010.7759	+69.7738	1304	  4.000	1	
015.8204	+67.7683	1305	  2.680	1	
015.7804	+62.2683	1306	 11.000	1	
016.3052	+65.2677	1307	  2.280	3	
018.4179	+72.9314	1308	  1.570	1	
016.7893	+62.2670	1309	  0.432	2	
016.7721	+59.2670	1310	  1.110	2	
171.1475	+84.7254	1311	  1.660	1	
018.5535	+62.0978	1312	  0.111	4	
019.0550	+61.6804	1313	  0.036	3	
019.3054	+61.4300	1314	  0.008	4	
020.0742	+63.0954	1315	  0.282	3	
019.8096	+61.4292	1316	  0.045	3	
020.7706	+61.8443	1317	  0.002	5	
020.8167	+61.2609	1319	  0.206	3	
063.8070	+85.6311	1320	  0.465	1	
159.1826	+84.2413	1321	  1.760	1	
021.0688	+61.2604	1322	  0.004	5	
021.3221	+61.4267	1323	  0.024	4	
021.5755	+61.5929	1324	  0.036	4	
022.4704	+63.0913	1325	  0.003	5	
022.6722	+63.0909	1326	  0.003	5	
023.6289	+65.4225	1327	  0.054	1	
024.6612	+67.2538	1328	  1.530	1	
023.8795	+65.2554	1329	  0.034	3	
024.1319	+65.2549	1330	  0.019	4	
024.6285	+64.5039	1331	  0.063	1	
025.6127	+62.0519	1332	  0.009	4	
036.5153	+75.4755	1333	  0.007	6	
025.8638	+61.9513	1334	  0.011	3	
027.9284	+66.0803	1335	  0.615	3	
028.4427	+66.7458	1336	  1.370	3	
026.3676	+61.9170	1337	  0.012	4	
028.6443	+62.7120	1338	  0.003	4	
028.6421	+62.5120	1339	  0.003	5	
037.6844	+72.9553	1340	  0.001	5	
028.9466	+62.6946	1341	  0.002	4	
029.0191	+62.4111	1343	  0.021	5	
029.2737	+62.6438	1345	  0.015	5	
029.2735	+62.6272	1346	  0.015	5	
029.5223	+62.3266	1347	  0.045	3	
029.6492	+62.4096	1348	  0.045	3	
033.4829	+66.2334	1349	  1.180	1	
032.3798	+60.9862	1350	  0.004	4	
032.6802	+60.8188	1351	  0.003	5	
038.8023	+67.3852	1352	  0.017	1	
041.0909	+68.2115	1353	  2.510	1	
034.9322	+61.7295	1354	  0.016	4	
043.1799	+69.0381	1355	  0.007	6	
035.6877	+61.7274	1356	  0.079	4	
043.1253	+68.8717	1357	  0.004	6	
043.8952	+69.3691	1358	  0.006	6	
036.4475	+62.0586	1359	  0.061	5	
036.6887	+61.2245	1360	  0.011	4	
037.0717	+61.6401	1361	  0.011	4	
036.9405	+61.2238	1362	  0.004	4	
036.9384	+61.0571	1363	  0.011	4	
037.4483	+61.5557	1364	  0.015	4	
037.1871	+60.8064	1365	  0.093	4	
038.2058	+61.7201	1366	  0.215	3	
037.9486	+61.3042	1367	  0.016	4	
038.2014	+61.3868	1368	  0.006	3	
038.4532	+61.3861	1369	  0.012	3	
037.9382	+60.4709	1370	  0.035	5	
038.6964	+60.7186	1371	  0.206	4	
039.4601	+61.3830	1372	  0.027	3	
039.4579	+61.2164	1373	 12.000	2	
038.6691	+58.3854	1374	  0.011	4	
041.2153	+60.8776	1375	  0.029	3	
040.9592	+60.5450	1376	  0.019	5	
048.7642	+61.0186	1377	  0.025	4	
048.7287	+60.3354	1378	  0.001	5	
048.8798	+60.3515	1379	  0.002	5	
048.9272	+60.1514	1380	  0.001	5	
049.1293	+60.2173	1381	  0.006	5	
049.2527	+60.0668	1382	  0.010	4	
049.5046	+60.0992	1383	  0.003	4	
050.0061	+60.0141	1384	  0.068	4	
050.2545	+59.8131	1385	  0.004	5	
050.5542	+59.6787	1386	  0.008	5	
059.1178	+56.0616	1387	  0.028	4	  6
060.7590	+56.8047	1388	  0.007	4	
061.1368	+56.9032	1389	  0.002	6	
062.2416	+55.1317	1390	  0.952	3	
059.4580	+53.1434	1391	  1.370	1	
063.4956	+55.1264	1392	  0.034	5	  8
063.2405	+54.7941	1393	  0.018	5	
064.2502	+55.2898	1394	  0.184	5	
063.4827	+54.1264	1395	  1.460	2	
065.2509	+55.1187	1396	  0.070	3	 11
065.2476	+54.8687	1397	  0.018	5	
064.7407	+54.4543	1398	  0.490	3	
066.0031	+55.1154	1399	  0.163	5	
066.2516	+54.9476	1400	  0.011	3	
067.0073	+55.2110	1401	  0.017	5	
065.9965	+54.6154	1402	  0.172	4	 13
067.1324	+55.1937	1403	  0.003	5	
067.5096	+55.2754	1404	  0.025	5	
068.5122	+55.2709	1405	  0.172	4	 21
069.5166	+55.3997	1406	  0.005	5	
067.4961	+54.2754	1407	  0.130	5	 12
068.0007	+54.5232	1408	  0.156	3	
069.0089	+54.9353	1409	  0.009	4	
069.0078	+54.8520	1410	  0.003	5	
069.0021	+54.4353	1411	  0.009	4	
069.2527	+54.4342	1412	  0.002	5	
068.4879	+53.4376	1414	  0.201	3	
070.5057	+54.4285	1415	  0.064	3	
070.0001	+54.0975	1416	  0.007	5	
070.2485	+53.9297	1417	  0.005	5	
068.4776	+52.6043	1418	  2.600	2	 20
072.7652	+54.7515	1419	  0.079	2	
068.2229	+52.2721	1420	  0.002	5	
068.2199	+52.0221	1421	  0.009	5	
072.2550	+54.0871	1422	  1.130	1	
071.2431	+53.3418	1423	  0.001	5	
071.2420	+53.2584	1424	  0.006	5	
071.4904	+53.0906	1425	  0.093	4	
071.7409	+53.0895	1426	  0.019	5	
070.9841	+52.6763	1427	  0.005	4	
070.9831	+52.5929	1428	  0.005	4	
071.9790	+52.0884	1429	  0.032	5	
072.2301	+52.1372	1430	  0.009	5	
071.9780	+52.0050	1431	  0.010	5	
072.9809	+52.0837	1432	  0.019	4	
072.7284	+51.9182	1433	  0.019	5	
054.0632	+37.6650	1434	  0.704	3	
072.7244	+51.5849	1435	  0.145	4	
073.4777	+51.7481	1436	  0.312	3	
074.8341	+52.0751	1437	  0.003	5	
073.9766	+51.5791	1438	  0.171	4	
075.2348	+52.0732	1439	  0.012	5	
059.4761	+41.4765	1440	  0.027	4	
060.0279	+41.5575	1441	  0.027	5	
057.5794	+38.9843	1442	  0.316	4	
060.0975	+40.8072	1443	  1.650	2	
068.4162	+46.9378	1444	  0.539	2	
068.0373	+46.6061	1445	  0.084	5	 17  16  15
056.5653	+37.1550	1446	  0.294	3	
060.8491	+40.8040	1447	  0.653	4	
051.5187	+30.6747	1448	  0.053	4	203
058.3221	+37.6479	1449	  2.300	3	
052.3988	+31.3380	1450	  0.009	5	205 206
051.5162	+30.1747	1451	  0.140	4	202
052.0196	+30.6728	1452	  1.660	3	
044.0113	+20.2847	1453	  0.066	4	
044.2112	+20.2007	1454	  0.860	3	
052.0171	+30.1728	1455	  0.025	5	204
058.8198	+37.1458	1456	  0.044	3	
043.9584	+19.5349	1457	  0.262	4	
044.4615	+20.1999	1458	  0.056	4	
062.0931	+39.6321	1459	  9.730	1	
086.0002	+52.3552	1460	  0.181	3	
070.4761	+44.9284	1461	  0.050	3	
060.0710	+36.9739	1462	  0.030	5	
060.3209	+36.8895	1463	  0.027	3	
060.1692	+36.6735	1464	  0.004	5	
073.1654	+45.9994	1465	  0.077	3	 25
086.9984	+52.1837	1466	  0.124	4	
087.2485	+52.1824	1467	  0.029	3	
055.0288	+31.4111	1468	  0.120	5	
060.7701	+36.6377	1469	  0.006	4	
055.7824	+31.8248	1470	  0.403	5	  4   3
056.9905	+32.9032	1471	  0.097	5	  5
055.2779	+31.1601	1472	  3.580	4	  2   1
062.8338	+38.1289	1473	  0.148	4	
072.1462	+44.0874	1474	  4.640	1	
075.9104	+45.0699	1475	  0.368	2	
075.9057	+44.5699	1476	  0.106	3	
075.9011	+44.0699	1477	  0.278	4	
065.8317	+37.1158	1478	  4.440	3	
069.6055	+39.5989	1479	  1.530	1	
076.3971	+43.5676	1480	  0.097	2	
069.8458	+38.2645	1481	  0.553	3	
067.0733	+35.6103	1482	  0.130	1	
068.8313	+36.4357	1483	  0.217	4	
060.7751	+29.1375	1484	  0.445	1	
069.3268	+35.6835	1485	  0.316	1	
062.0268	+29.1322	1486	  0.480	1	
069.8223	+34.9312	1487	  0.940	3	
073.3386	+36.6984	1488	  0.568	2	
061.1862	+26.4691	1489	  0.027	5	
073.0059	+35.6666	1490	  0.075	4	
061.1602	+26.2859	1491	  0.004	5	
072.3262	+35.0864	1492	  1.250	1	
073.5815	+35.6639	1493	  0.463	2	
073.5533	+35.2141	1494	  0.011	4	
064.5213	+27.6214	1495	  2.600	5	  7  10 211 209 216 213 218 217
070.8048	+32.0934	1496	  0.710	3	
066.7794	+28.6115	1497	  0.725	2	
062.7551	+24.9624	1498	  0.118	5	
062.6291	+24.7963	1499	  0.072	3	
068.2858	+29.4381	1500	  0.972	3	219
063.7570	+25.1247	1501	  1.200	2	
075.8225	+34.0701	1502	  0.484	1	
070.0906	+29.9299	1503	  0.008	5	 23
070.2908	+29.9290	1504	  0.336	1	
072.0496	+31.0876	1505	  1.050	1	
065.0091	+25.2859	1506	  0.334	6	
070.7902	+29.7601	1507	  0.090	5	 24
070.2858	+29.0957	1508	  0.183	3	
083.5509	+37.2833	1509	  0.108	3	
079.0801	+34.8047	1510	  0.252	3	
065.0064	+24.7859	1511	  0.300	3	
075.9390	+32.7862	1512	  0.016	6	
073.0489	+30.8330	1513	  0.057	4	
070.6611	+29.0940	1514	  0.050	4	
073.2997	+30.9152	1515	  0.147	3	
080.8329	+35.0463	1516	  5.620	1	
073.7980	+30.5795	1517	  0.051	6	 28  27  26
084.8495	+37.0270	1518	  4.600	1	
073.9231	+30.5789	1519	  0.063	4	
071.0325	+28.4256	1520	  0.398	1	
068.2667	+26.1048	1521	  4.100	4	 22  19  14 220
076.8099	+32.0654	1522	  0.018	4	222
076.5575	+31.7333	1523	  0.017	6	 29
067.0073	+24.6104	1524	  0.324	5	215 212 210
085.4944	+36.3239	1525	  0.006	4	
082.1549	+34.5233	1526	  0.003	4	
069.7689	+26.2647	1527	  0.010	6	
069.2657	+25.7670	1528	  2.000	3	
068.0073	+24.4393	1529	  0.223	5	 18
080.8190	+33.0464	1530	  0.045	3	
068.0067	+24.3226	1531	  0.014	3	
070.0163	+25.7635	1532	  0.112	4	
069.0608	+24.9179	1533	  0.011	5	
070.0153	+25.5969	1534	  0.870	5	
068.8801	+23.9020	1535	  0.111	6	
068.2503	+23.1048	1536	  1.500	4	
072.7722	+26.4176	1537	  0.382	3	
071.5137	+25.0900	1538	  3.000	4	
074.0240	+26.5784	1539	  2.230	1	
075.2724	+26.1559	1540	  0.282	4	
071.0005	+22.7590	1541	  0.352	1	
075.2690	+25.5726	1542	  0.626	3	
066.8525	+18.8611	1543	  0.090	5	
076.0175	+25.2357	1544	  0.109	6	
078.8277	+26.7225	1545	  0.052	3	
067.2257	+18.4427	1546	  0.370	4	
079.0258	+26.3882	1547	  0.049	5	
079.0248	+26.2215	1548	  0.061	4	
079.2750	+26.2203	1549	  0.079	4	
090.0657	+32.1683	1550	  0.041	3	
067.8494	+18.1066	1551	  0.043	6	
079.4240	+26.0529	1552	  0.009	6	
079.7752	+26.2179	1553	  0.087	2	
080.0003	+26.2169	1554	  0.005	4	
090.3134	+31.8338	1555	  0.090	4	
069.3445	+16.9332	1556	  0.050	5	
091.5512	+29.9944	1557	  1.040	3	
071.4713	+17.0901	1558	  0.713	2	
081.5075	+23.0429	1559	  1.350	1	
093.2884	+27.9859	1560	  2.300	2	
072.6981	+12.2844	1561	  0.274	1	
075.4578	+14.0716	1562	  0.152	3	
075.4566	+13.8216	1563	  0.052	5	
094.5098	+23.2300	1564	  0.033	4	
095.2602	+23.3097	1565	  0.252	1	
095.2592	+23.1430	1566	  0.000	3	
095.6351	+23.3078	1567	  0.000	3	
095.7581	+22.9739	1568	  0.000	3	
060.2680	 +0.6394	1569	  0.631	2	
091.7382	+19.3267	1570	  0.020	4	227
077.6911	+10.5610	1571	  0.213	3	
077.6911	+10.5610	1572	  0.079	4	
082.7069	+13.5370	1573	  1.040	2	
091.9337	+18.4924	1574	  0.022	4	
092.0819	+18.1583	1576	  0.049	4	
082.4518	+12.5383	1577	  0.412	4	 31  30
092.1060	+17.9915	1578	  0.049	4	
084.9585	+13.7762	1579	  0.317	1	
083.4536	+12.8668	1580	  0.222	1	
082.3501	+12.2054	1581	  0.001	5	
082.9519	+12.5359	1582	  0.011	5	
082.1993	+12.0395	1583	  0.057	5	225
082.9006	+12.2861	1584	  0.014	4	
085.2064	+13.3583	1585	  0.059	3	 32
091.4704	+15.9946	1586	  7.310	1	
091.9703	+15.9922	1587	  7.310	1	
080.1808	 +8.3824	1588	  0.159	3	223
079.5759	 +7.3853	1589	  0.027	2	
080.1760	 +7.3825	1590	  0.850	4	
092.4582	+13.6564	1591	  0.068	3	
086.1846	 +9.0202	1594	  0.059	5	
081.9221	 +6.5407	1595	  1.070	2	 35
086.4346	 +9.0190	1596	  0.041	4	
087.5580	 +8.6802	1597	  0.032	4	
088.1063	 +8.3442	1598	  0.072	5	
087.4272	 +7.5141	1599	  0.181	4	 36
097.7042	+12.9644	1600	  0.396	3	
097.4513	+12.3823	1601	  0.066	5	
086.1698	 +6.0202	1602	  0.378	4	
097.1976	+11.6335	1604	  0.008	5	
098.1924	+10.6287	1605	  1.250	4	 37  38
097.4404	+10.2156	1606	  0.043	4	
097.6908	+10.2977	1607	  0.015	5	
099.1931	+10.7905	1608	  0.045	5	
099.0665	+10.4578	1609	  0.016	5	
099.4914	+10.4558	1610	  0.019	5	 39
090.1649	 +5.0008	1611	  0.233	3	
090.6633	 +4.6651	1612	  0.079	3	
100.1864	 +9.4524	1613	  0.000	3	
083.8874	 -0.6355	1614	  0.004	5	
076.3742	 -3.4329	1615	  0.084	2	
076.6242	 -3.4341	1616	  0.016	5	
088.6552	 +3.0081	1617	  7.750	3	
091.4117	 +4.3281	1618	  0.172	4	
091.1608	 +4.1626	1619	  0.038	5	
084.1398	 -0.1367	1620	  0.012	5	
088.7519	 +2.3410	1621	  0.027	4	
088.6503	 +2.0081	1622	  0.122	6	
091.9076	 +3.4923	1623	  0.131	1	
089.4003	 +2.0045	1624	  0.000	2	
096.9196	 +5.9681	1625	 19.400	1	
101.1789	 +7.9477	1626	  1.170	3	
086.6406	 +0.0179	1627	  0.063	6	
093.1551	 +2.9863	1628	  3.360	2	
092.4027	 +2.4899	1629	  1.180	3	
086.3858	 -0.9809	1630	  5.980	4	 33
101.0462	 +6.3649	1631	  0.023	4	
089.8930	 +0.5021	1632	  2.350	1	
096.1574	 +3.4717	1633	  0.106	4	
079.6128	 -5.7817	1634	  0.492	2	
085.2753	 -3.1422	1635	  0.008	4	
085.3502	 -3.1592	1636	  0.003	4	
100.9096	 +3.9489	1637	  0.964	2	
089.3784	 -2.4954	1638	  2.390	2	
102.9118	 +4.4394	1639	  0.970	3	
083.3624	 -5.7997	1640	  0.018	5	
084.3566	 -6.9711	1641	  6.270	4	
068.8246	-14.2314	1642	  0.372	3	
091.6178	 -4.6730	1643	  0.845	1	
091.9138	 -5.5078	1644	  0.007	5	
091.7379	 -5.6736	1645	  0.052	4	
091.8613	 -6.0075	1646	  3.140	3	
085.5917	 -9.9772	1647	  4.230	3	
088.0957	 -9.1560	1648	  1.850	2	
104.5221	 -3.9517	1649	  0.005	3	
104.8676	 -4.9033	1650	  0.016	2	
095.5925	 -9.8590	1651	  0.255	2	
096.5917	-10.0305	1652	  1.160	2	
104.4531	 -7.9347	1653	  0.012	3	
104.8541	 -7.7366	1654	  0.050	3	
104.1516	 -8.2333	1655	  0.014	4	
104.1258	 -8.3999	1656	  0.077	3	
106.0915	-10.4091	1657	  1.080	3	
108.5890	-11.0874	1658	  0.000	2	
109.4023	-23.3413	1659	  0.045	4	
110.0246	-23.9275	1660	  0.047	4	
110.5240	-24.0964	1661	  0.375	2	
112.0279	-23.6032	1662	  0.128	2	
113.0313	-23.1077	1663	  0.428	2	
111.0217	-24.5987	1664	  0.154	3	
113.7793	-23.6111	1665	  0.181	3	
114.0268	-24.1122	1666	  0.027	4	
111.2654	-25.7665	1667	  0.418	3	
114.2478	-24.8965	1668	  0.020	4	
119.0021	-29.6339	1669	  0.594	2	
121.1187	-31.6429	1670	  0.038	1	
121.4914	-32.1444	1671	  0.142	1	
245.2751	-28.1182	1672	  0.740	4	
247.5352	-29.4415	1673	  0.077	3	
247.4563	-28.7752	1674	  0.009	3	
244.5133	-26.1215	1675	  1.100	4	229
245.2640	-26.1182	1676	  2.860	3	
253.3073	-32.0819	1677	 10.160	1	237 234 239
244.0047	-24.6237	1678	  0.138	3	
255.6898	-32.9041	1679	  0.011	3	 49
245.2533	-24.1182	1680	  2.860	4	
246.7582	-24.7782	1681	  0.206	5	
257.0605	-32.0976	1682	  0.023	5	 55
247.2604	-25.1093	1683	  2.430	1	
247.7627	-25.4404	1684	  0.084	4	
257.3110	-32.1464	1685	  0.004	5	 56
246.4555	-24.3296	1686	  0.016	6	
245.7511	-23.6160	1687	  3.170	3	
246.5044	-24.1127	1688	  0.760	4	
248.0110	-25.0893	1689	  0.007	6	
246.7042	-24.0451	1690	  0.020	5	
258.8147	-32.5560	1691	  0.987	3	
246.6286	-23.9455	1692	  0.007	5	
258.3122	-32.2250	1693	  0.014	3	
257.5584	-31.7286	1694	  0.528	3	
255.7997	-30.5702	1695	  0.540	2	241
247.2062	-24.3262	1696	  0.036	6	 42
258.3116	-32.1417	1697	  0.027	3	
258.8125	-32.2226	1698	  0.038	5	252
258.8873	-32.1889	1699	  0.034	5	
258.0576	-31.5595	1700	  0.535	2	
259.0619	-32.1048	1701	  0.006	3	
259.0599	-31.8048	1702	  0.059	3	
259.6872	-32.1018	1703	  0.008	5	
247.7036	-23.7740	1704	  0.010	6	
260.0626	-32.1333	1705	  0.034	5	
258.0533	-30.8929	1706	  0.950	3	
258.3040	-30.9750	1707	  0.029	5	
257.5498	-30.3953	1708	  0.047	4	
248.2541	-23.7715	1709	  0.099	6	
260.1865	-31.9494	1710	  0.106	5	
257.7989	-30.2274	1711	  0.043	4	
249.5087	-24.4325	1712	  1.560	5	 44
257.7987	-30.1941	1713	  0.007	4	
258.0496	-30.3096	1714	  0.006	5	
258.0490	-30.2262	1715	  0.003	5	
257.5456	-29.7286	1716	  0.251	3	243
244.7324	-20.1205	1717	  0.357	3	 41
258.7996	-30.2393	1718	  0.005	5	
244.9826	-20.1194	1719	  0.610	5	
259.0496	-30.2215	1720	  0.093	4	
243.9769	-19.1237	1721	  0.287	3	 40
259.0485	-30.0548	1722	  7.780	2	
262.8145	-32.2035	1723	  0.005	5	
262.9396	-32.2195	1724	  0.002	5	
259.8011	-30.3846	1725	  0.032	5	254
258.0427	-29.2262	1726	  0.093	3	247 245
258.0427	-29.2262	1727	  0.002	5	249
257.7914	-29.0274	1728	  0.020	3	
250.7578	-24.0935	1729	  0.900	4	
263.3146	-32.2011	1730	  1.680	2	
256.5347	-28.0667	1731	  1.320	2	
262.3098	-31.5392	1732	  0.912	2	
258.1164	-29.0092	1733	  0.018	5	248
263.1123	-31.8687	1734	  0.006	5	
263.0363	-31.7191	1735	  0.002	5	
257.5373	-28.3953	1736	  0.038	5	244
257.7880	-28.4774	1737	  0.192	4	
263.2364	-31.7181	1738	  0.003	5	
248.7451	-22.0193	1739	  0.093	3	
249.0464	-22.2179	1740	  0.084	5	
260.5493	-30.0476	1741	 17.560	3	
258.0376	-28.3929	1742	  0.034	4	250
258.0355	-28.0596	1743	  0.510	3	
249.9973	-22.2636	1744	  0.099	5	 45
252.2579	-23.9199	1745	  0.255	4	
257.7814	-27.3941	1746	  0.306	5	 59
252.7577	-23.8343	1747	  0.280	3	
252.2551	-23.4199	1748	  0.138	2	
260.7931	-29.0465	1749	  0.117	5	256
253.0084	-23.9165	1750	  0.280	3	
262.8002	-30.0368	1751	  1.230	2	
247.4819	-19.6083	1752	  1.780	4	 43
268.5715	-33.0089	1753	  1.270	2	
263.0503	-30.0356	1754	  0.321	1	
250.9962	-21.9257	1755	  0.660	4	
259.0320	-27.3882	1756	  0.285	5	
247.9822	-19.6060	1757	  0.061	6	
268.8192	-32.6744	1758	  0.010	4	
253.0288	-23.0830	1759	  0.027	6	238
270.0716	-33.0017	1760	  0.054	4	
254.0071	-23.5785	1761	  0.402	2	
270.5727	-33.1659	1762	  0.023	4	
254.0062	-23.4118	1763	  0.402	2	
262.0405	-28.5405	1764	  2.160	2	
251.2428	-21.2579	1765	  0.079	5	
269.5670	-32.3374	1766	  0.090	2	
259.6535	-26.7519	1767	  0.007	5	
260.0294	-26.8667	1768	  0.013	6	 66
265.5510	-30.0235	1769	 12.500	4	275 278
248.2273	-18.6049	1770	  0.813	3	
271.0693	-32.6635	1771	  0.115	4	 87
259.9529	-26.6338	1772	  0.016	6	 65
260.2791	-26.7989	1773	  0.036	6	 67
260.6555	-27.0137	1774	  0.029	6	
254.2531	-22.8273	1775	  0.008	6	 46
263.2909	-28.5344	1776	  2.450	2	
254.2527	-22.7440	1777	  0.050	4	
234.9689	 -7.1611	1778	  0.086	5	
254.7539	-22.9083	1779	  0.090	3	
235.1690	 -7.1603	1780	  0.197	4	
246.9691	-17.1105	1781	  1.190	3	230
250.4846	-19.7614	1782	  0.047	6	
269.5614	-31.5041	1783	  0.079	2	
254.9540	-22.9074	1784	  0.027	4	
255.0040	-22.9071	1785	  0.027	4	
271.6673	-32.3772	1786	  0.011	4	300
255.0031	-22.7405	1787	  0.090	3	
268.3058	-30.6769	1788	  0.084	3	
272.0680	-32.4919	1789	  0.767	3	
257.7647	-24.5608	1790	  1.080	3	
254.9022	-22.5910	1791	  0.017	5	 47
261.4030	-26.5435	1793	  1.080	2	
261.6037	-26.6425	1794	  0.006	5	
268.6797	-30.5084	1795	  0.084	4	
250.4811	-19.0947	1796	  0.344	3	
255.5024	-22.5715	1797	  0.149	3	
271.0614	-31.4968	1798	  0.018	4	295
251.7348	-19.6723	1799	  0.017	4	
255.3755	-22.2387	1800	  0.015	3	
267.5481	-29.5139	1801	  2.770	2	
255.5755	-22.2211	1802	  0.016	3	