107.5841	-12.0327	  1	150	150	2 	NGC2327; HS111,113,114;G2,3
106.0910	-10.5258	  2	 14	 14	3 	IC2177;HS109;G1
109.0972	 -9.3897	  3	  4	  4	3 	HS115
110.9764	 -8.5983	  4	 60	 60	1 	
109.6040	-13.2421	  5	  8	  8	3 	NGC2359; HS116; G4
107.5519	-18.4827	  6	 12	 10	3 	G5
112.9375	-16.9572	  7	 17	 15	2 	(NGC2409?); G6
112.6294	-18.5559	  8	  3	  2	3 	
101.2668	-24.3865	  9	 90	 30	1 	
112.8023	-19.0067	 10	 18	 14	1 	
103.5221	-23.6472	 11	 60	 20	1 	
113.9790	-18.8119	 12	  6	  3	3 	G7
113.0754	-19.4079	 13	 12	 10	2 	
109.7852	-21.9263	 14	  6	  4	2 	(NGC2367)
107.5164	-25.0826	 15	300	300	1 	
118.3191	-26.3810	 16	 33	 33	3 	(NGC2467); G9
116.8622	-27.3414	 17	  2	  2	3 	
119.7786	-33.8373	 18	  1	  1	3 	
123.8485	-35.8541	 19	 48	 40	3 	G10
124.8486	-36.1582	 20	 10	 10	2 	NGC2579; G11
127.6663	-38.3359	 21	  1	  1	3 	
138.9038	-31.3757	 22	 45	 45	2 	
129.2188	-38.5252	 23	  2	  1	3 	
126.3500	-40.3642	 24	  3	  2	1 	
129.6907	-39.2103	 25	  2	  1	3 	
131.6242	-38.6341	 26	  3	  3	2 	
129.5831	-40.3766	 27	100	100	2 	G14
125.3309	-42.7102	 28	  2	  1	3 	
125.4313	-42.6939	 29	  2	  2	3 	G13
125.7074	-42.6450	 30	  2	  2	3 	G13
126.0050	-43.0795	 31	  3	  2	3 	
131.2063	-41.3326	 32	 27	 27	2 	G15
132.8311	-42.0885	 33	 95	 80	2 	G17
134.0531	-43.1262	 34	  2	  2	3 	G19
132.8677	-44.1053	 35	 30	 30	2 	G18
134.8265	-43.7455	 36	 12	  6	2 	G20
135.0622	-45.9464	 37	 13	  3	1 	Part of NGC2736
134.8002	-47.4621	 38	 40	 40	2 	G22,23,24
135.8973	-48.3992	 39	  2	  2	3 	
135.6694	-48.6485	 40	  8	  8	3 	G25
139.1384	-47.9599	 41	  8	  4	2 	
141.0153	-52.1158	 42	  9	  7	3 	G26
141.7589	-56.1181	 43	  2	  2	3 	NGC2899; G27
142.7880	-56.3045	 44	  2	  2	1 	
152.9494	-56.3975	 45	 16	 16	1 	
151.9345	-57.4952	 46	 15	 15	1 	
151.2931	-58.9438	 47	 25	 20	2 	
153.9454	-57.8497	 48	 15	 10	3 	NGC3199; G28
155.9604	-57.7039	 49	 90	 35	3 	(NGC3247); G29
156.5935	-57.1551	 50	 12	 12	2 	
159.5089	-57.9604	 51	 12	 12	3 	
161.3690	-58.5635	 52	 15	 15	3 	BBW22500; G32
160.4799	-59.7621	 53	210	210	4	NGC3293,3324,IC2599;BBW22500;
165.0126	-60.3687	 54	210	 60	2 	(NGC3503)?(NGC3572)?G34,5,6,7
164.0388	-63.0174	 55	  8	  8	2 	
166.3378	-62.4703	 56	  2	  1	2 	
168.6643	-61.2061	 57	170	 40	2 	NGC3603; G38,a,b
166.5716	-65.5706	 58	  7	  7	2 	
174.3465	-56.9436	 59	180	150	2 	
172.1899	-62.7757	 60	 50	 50	3 	IC2872; BBW2620; G39,40
172.6409	-63.7760	 61	 15	 15	3 	G41
174.3338	-63.1770	 62	 80	 80	3 	IC2944,8; BBW26201;G42
184.9193	-52.2776	 63	250	 40	1 	
184.8583	-62.9610	 64	  3	  2	3 	
188.5889	-61.5756	 65	 11	  6	2 	G43
188.8674	-61.9254	 66	  2	  1	2 	G44
188.9687	-62.0253	 67	  4	  4	2 	
190.0528	-61.8745	 68	 15	 15	1 	
191.1151	-62.5736	 69	  5	  3	2 	G45
192.1557	-63.8393	 70	  1	  1	3 	
192.5737	-61.5722	 71	  4	  3	3 	G46
193.3289	-61.2714	 72	  2	  2	1 	
193.7585	-61.4709	 73	  2	  2	2 	
197.7514	-62.8158	 74	 15	 12	1 	
199.9436	-62.5125	 75	 18	 13	2 	BBW27300; G48a
203.3326	-66.0066	 76	  3	  2	3 	NGC5189; G47
204.7646	-67.4205	 77	  1	  1	3 	
203.4718	-62.2563	 78	 45	 30	1 	BBW27500; G48b
204.9799	-61.7533	 79	  9	  5	2 	BBW27600; G48c
206.7530	-62.6496	 80	 21	 10	2 	BBW27700; G48d
208.8569	-61.3449	 81	  1	  1	2 	
209.8154	-61.4427	 82	  5	  4	3 	
212.1654	-62.0703	 83	 60	 50	1 	BBW27901
215.0616	-63.8960	 84	  1	  1	2 	
215.1801	-61.3956	 85	 25	 20	1 	BBW28100
219.8558	-62.6653	 86	  3	  3	2 	
226.2026	-57.5111	 87	  2	  2	3 	
226.6333	-57.7929	 88	  3	  2	3 	
228.3575	-58.9535	 89	  4	  4	1 	
226.3104	-55.9607	 90	  1	  1	2 	
229.1015	-58.2008	 91	 11	 10	1 	BBW28801
229.5848	-56.6823	 92	  8	  5	1 	BBW28900
233.4353	-59.0679	 93	  2	  2	2 	
235.2045	-54.1608	 94	 20	 20	1 	BBW29400a
235.8796	-53.9415	 95	  3	  2	3 	BBW29400c
238.2041	-55.2488	 96	  2	  2	1 	
237.8968	-54.7500	 97	  6	  5	2 	BBW29401
238.8490	-54.6461	 98	  6	  5	3 	BBW29501; G49
240.6691	-53.7218	 99	  4	  2	3 	G50
237.8600	-51.5167	100	  1	  1	2 	
244.1096	-52.0237	101	  2	  2	3 	
244.4594	-51.9222	102	 12	  8	3 	BBW29902
244.2749	-51.1230	103	  5	  3	3 	
246.0089	-51.5154	104	 20	 20	2 	
242.4993	-49.1306	105	 45	 35	3 	BBW30000; G51
245.2001	-50.9189	106	 35	 20	2 	
248.3783	-48.1547	107	  8	  4	3 	NGC6164,5; G52
249.6872	-48.7655	108	210	120	1 	(NGC6193); BBW30402; G53
251.6608	-45.7397	109	  2	  2	3 	
253.4073	-45.0816	110	  7	  3	3 	G54
253.7829	-45.0799	111	  5	  3	3 	G54
247.6080	-40.3080	112	  2	  2	3 	
252.1291	-42.0875	113	360	300	2 	(NGC6231); BBW31100; G55
260.4152	-45.0486	114	330	330	1 	
248.2361	-37.2051	115	  4	  2	2 	
257.4315	-41.6127	117	  2	  2	3 	
258.3678	-39.8582	118	  2	  2	2 	
256.1769	-38.0685	119	180	145	2 	(NGC6281); BBW31500; G57,a,b; E1
258.1066	-38.4594	120	  6	  6	3 	G58; E2
259.7395	-39.3017	121	  3	  2	2 	E5
260.1370	-38.9498	122	  2	  2	2 	
260.3063	-38.1989	123	 75	 75	1 	NGC6337; G59; E6
258.4462	-37.0578	124	  3	  2	2 	NGC6302; E3; G60
259.5982	-37.2023	125	  8	  8	1 	
259.2166	-36.3541	126	 16	  4	2 	BBW31800a
260.0885	-35.8499	127	 50	 25	3 	NGC6334; BBW31800b; E7; HS119
260.9423	-36.2959	128	 10	 10	1 	
249.2791	-28.1003	129	180	180	2 	
259.3760	-34.1533	130	 30	 30	2 	E4
261.3285	-34.3440	131	170	 55	3 	(NGC6357); BBW32100; HS120; G66
263.3183	-32.7344	132	110	 80	2 	(NGC6383); BBW32301; HS121; G67
262.3105	-31.6392	133	 45	 40	2 	BBW32300; E10; G68
267.3344	-31.2482	134	 60	 50	2 	BBW32603; E17; G69
266.4025	-30.2194	135	  2	  2	2 	
269.4125	-31.6715	136	  1	  1	2 	
266.4467	-29.3192	137	 18	 18	3 	BBW32801; E13
266.2186	-28.8370	138	  8	  4	2 	E12
266.7450	-29.0511	139	  2	  2	2 	E14
266.8451	-29.0506	140	 12	 12	1 	BBW32701; E16
266.7934	-28.7842	141	  6	  4	1 	E15
267.4189	-28.8478	142	  2	  2	3 	E18
266.3947	-24.9194	143	  7	  6	2 	Near NGC6432
268.4455	-25.0094	144	 85	 65	1 	BBW33201; HS123; E19; G71
270.0104	-23.2518	145	 90	 35	1 	HS 124; E20; G74a,b
271.5147	-23.9945	146	120	 90	3 	NGC6523(M8), 6559; BBW33402
270.6334	-22.8988	147	 16	 16	3 	NGC6514(M20); HS125; E22; G76
270.3759	-21.5833	148	  2	  2	3 	
271.7518	-21.7433	149	120	 30	2 	HS129; E24; G77a
271.2715	-20.7956	150	  2	  2	3 	
274.1191	-20.3985	151	100	 35	1 	NGC6526; HS134; E32,33; G77b
269.0473	-16.3230	152	  2	  2	2 	
274.7381	-19.3121	153	 60	 20	1 	(IC1283,4); BBW33903; HS140;
271.4759	-16.9946	154	 40	 30	1 	
273.0544	-17.6703	155	 10	 10	2 	HS133; E31
274.4783	-17.4800	156	 50	 50	1 	HS136; E34
274.0235	-16.5822	157	 60	 60	3 	(IC4701); BBW34101; HS137; G79
271.5862	-14.1940	158	 23	 23	2 	BBW34201; HS128; E25; G80
276.2233	-16.5716	159	 15	 15	2 	
275.3452	-15.9758	160	 70	 60	3 	NGC6618; (IC4706,7); BBW34202
275.2158	-15.1264	161	 80	 40	2 	HS143
275.7132	-14.6407	162	 22	 10	3 	BBW34401; HS146; E44; G82
277.4918	-15.3654	163	 10	  9	2 	
276.4641	-14.8204	164	  8	  6	3 	HS148; E46
274.7094	-13.8789	165	 90	 66	3 	NGC6611; BBW34400; HS142; G83
276.3554	-13.1209	166	 15	 15	1 	HS147; E45
275.1992	-11.8765	167	180	 90	2 	(NGC6604); BBW34600; E41; G84,5
275.1860	 -9.2432	168	  1	  1	3 	
277.7384	 -9.7642	169	  7	  7	2 	HS150; E48
277.8101	 -9.1138	170	  7	  5	1 	
277.8317	 -8.4137	171	  5	  5	2 	HS151; E49
279.1270	 -7.4908	172	  7	  7	1 	HS155?; E53
279.1729	 -6.6406	173	 17	 17	2 	BBW35201; HS154; E52
277.9514	 -2.1797	174	  5	  4	1 	HS152
281.7088	 -3.7451	175	  7	  5	2 	HS159; E57
281.3255	 -2.0135	176	  8	  8	2 	HS158; E56
281.0925	 -0.3480	177	 12	 12	2 	HS156; E55
285.4297	 +2.3893	178	  2	  2	2 	
285.9305	 +2.2249	179	 20	 15	1 	
282.1855	 +6.3740	180	  1	  1	3 	
283.6871	 +6.0644	181	  5	  5	1 	
287.1898	 +5.6142	182	  3	  3	2 	E61