  1	 8.60	  4.3	002.6932	+58.7695
  2	 9.50	  1.7	003.3508	+65.6135
  3	 8.50	  0.9	008.6557	+69.4346
  4	 9.50	  4.2	010.8261	+61.9111
  5	 2.57	 60.0	014.1772	+60.7167
  6	 9.20	  0.9	025.9307	+61.8343
  7	 6.50	  3.1	042.2313	+69.6343
  8	 8.50	  2.3	042.8865	+67.8150
  9	 5.96	  3.7	042.9948	+68.8885
 10	 6.00	  8.0	048.9499	+57.1406
 11	 8.37	  3.1	051.0591	+61.5386
 12	 7.00	  2.3	051.3497	+31.7311
 13	 8.80	  2.3	051.4588	+30.9317
 14	 4.23	 23.0	052.2672	+59.9403
 15	 4.58	 27.0	052.4781	+58.8787
 16	 9.10	  4.5	052.0871	+29.7992
 17	 9.50	  4.0	052.3324	+31.4158
 18	 7.58	  7.1	053.7995	+38.0152
 19	 8.53	  2.8	056.1424	+32.1628
 20	 3.71	 11.0	056.2189	+24.1133
 21	 3.88	 26.0	056.4567	+24.3677
 22	 4.18	 26.0	056.5816	+23.9484
 23	 2.87	 17.0	056.8712	+24.1051
 24	 8.80	  4.5	057.4014	+38.9821
 25	 7.50	  4.3	063.1042	+23.5746
 26	 7.20	  5.7	063.3940	+10.2125
 27	 9.10	  2.8	065.4892	+28.4432
 28	 9.40	  0.9	065.4976	+19.5351
 29	 6.50	  6.8	072.0948	+29.7730
 30	 4.30	 20.0	073.5125	+66.3427
 31	 6.80	  4.5	073.9410	+30.5512
 32	 9.12	  0.9	075.5905	+44.2696
 33	10.12	  0.9	076.7127	-03.3333
 34	 5.80	 10.0	079.0756	+34.3123
 35	 8.70	  0.9	078.7477	+13.0141
 36	 0.15	410.0	078.6345	-08.2016
 37	 8.20	  2.0	079.5170	+13.4177
 38	 5.77	 14.0	080.4315	+08.4286
 39	 9.50	  0.3	081.1231	+32.8191
 40	 9.00	  0.3	081.4089	+06.5882
 41	 9.30	  0.6	082.2956	+23.6944
 42	 9.46	  2.8	082.8267	-05.7038
 43	 9.00	  1.1	083.0309	+06.0470
 44	 8.11	  4.3	083.0618	-04.5184
 45	 9.50	  0.3	084.1701	+31.8545
 46	 9.30	  0.9	084.1060	-06.7160
 47	 7.80	  2.3	084.8118	+23.3234
 48	 7.46	 14.0	084.5271	-00.1843
 49	 4.50	  3.1	084.7964	+04.1215
 50	 7.67	  3.1	085.0564	-01.4626
 51	 6.98	  5.1	085.2349	-01.5072
 52	 7.82	  4.3	085.4100	-02.2590
 53	 9.50	  0.9	085.3579	-10.3117
 54	 9.50	  0.6	085.4500	-06.2500
 55	 8.70	  0.9	085.5888	-08.1334
 56	 9.00	  0.6	085.9307	+16.3585
 57	 8.30	  2.6	085.7524	-02.3126
 58	 9.50	  0.3	086.1115	-08.7106
 59	10.49	  6.8	086.6807	+00.0766
 60	 9.50	  4.3	086.7830	+00.2990
 61	 8.60	  0.6	088.1547	+05.1646
 62	 9.50	  1.4	088.5125	+01.6728
 63	 9.20	  0.3	089.0729	+01.8647
 64	10.00	  0.6	089.4750	-14.0667
 65	 9.50	  2.3	091.1250	+30.5167
 66	 9.30	  0.9	090.7723	-09.7166
 67	 9.50	  1.1	091.8827	-06.3994
 68	 9.00	  3.4	092.0160	-06.2272
 69	 9.00	  3.1	092.0216	-06.3613
 70	 8.50	  6.0	092.1095	-05.3396
 71	 9.00	  1.7	092.5069	+14.0752
 72	 9.00	  2.3	092.3802	-06.3258
 73	     	  1.4	092.7755	-06.2105
 74	 9.70	  0.6	092.9533	-06.1577
 75	 7.50	  3.4	094.8438	+23.2745
 76	 9.30	     	093.0576	+13.6867
 77	 9.50	  0.9	097.7413	+09.8096
 78	 8.80	  2.8	097.8119	+09.7903
 79	 9.40	  2.6	097.9305	+10.3392
 80	 8.60	  1.1	097.7076	-09.6541
 81	 4.48	 18.0	098.2259	+07.3330
 82	 8.74	  2.8	098.2716	+10.3222
 83	 9.50	  0.3	099.9250	-27.2500
 84	     	  1.4	057.3064	-26.9600
 85	 9.30	  1.1	101.7152	+01.3158
 86	 8.20	  2.0	104.2830	-10.2799
 87	 8.80	  1.4	105.1192	-08.8660
 88	 7.20	  7.1	105.4563	-11.3009
 89	 9.50	  1.1	105.6500	-12.2333
 90	 8.70	  4.0	105.6776	-11.4532
 91	 9.40	  0.9	105.8523	-10.7045
 92	 9.20	  2.0	105.9786	-11.5761
 93	 6.97	 10.0	106.1064	-10.4544
 94	 8.50	  5.6	106.3198	-12.3262
 95	 5.38	  2.8	106.6699	-11.2940
 96	 9.20	  2.8	109.9062	-24.0244
 97	 9.90	  1.1	113.1250	-16.9000
 98	 7.30	  8.0	114.1326	-25.3328
 99	 2.89	100.0	239.7130	-26.1141
100	 4.03	  5.7	242.9989	-19.4607
101	 6.37	  4.3	244.7822	-20.2181
102	 8.08	  7.1	245.0166	-20.0449
103	 7.30	  4.5	245.1261	-20.1177
104	 2.89	 28.0	245.2972	-25.5928
105	 7.89	 14.0	246.3513	-24.4657
106	 4.61	 31.0	246.3963	-23.4472
107	 0.92	 41.0	247.3519	-26.4320
108	 4.78	 14.0	247.5520	-25.1152
109	 5.30	 18.0	250.3933	-17.7422
110	 9.40	  0.6	259.0271	-21.0329
111	 6.49	  6.2	259.7200	+06.0855
112	 9.60	  0.6	268.3802	-05.6194
113	 6.80	  8.5	272.1608	-21.4496
114	 9.10	  0.6	272.1250	-18.3833
115	 9.30	  0.9	272.2846	-23.4353
116	 9.50	  0.3	272.6618	-17.7339
117	 9.10	  1.1	273.6583	-17.3629
118	 9.40	  2.6	274.2186	-19.7778
119	 9.40	  2.8	274.2743	-19.8647
120	 8.80	  0.6	274.3199	-16.9286
121	 9.43	  0.3	275.0664	-17.0042
122	 9.30	  0.6	276.1396	-13.6535
123	 9.10	  1.7	277.6036	+01.2232
124	 5.50	 18.0	277.8571	-10.7958
125	 8.00	  0.6	291.5036	+15.5568
126	 8.30	  4.0	291.5472	+22.7573
127	 3.82	 28.0	296.8469	+18.5343
128	 5.63	  4.0	301.1507	+32.2186
129	 3.24	 48.0	302.8262	-00.8215
130	 9.50	  0.3	304.4250	+39.3500
131	 9.10	  2.8	306.0655	+42.3004
132	 8.70	  2.8	306.1943	+42.3848
133	 6.19	  5.7	307.7468	+36.9358
134	 4.95	 11.0	307.5148	+48.9516
135	 8.60	  0.9	309.1900	+32.4546
136	 7.80	  2.0	309.5716	+42.0737
137	 5.69	  6.8	313.9575	+47.4177
138	 8.28	  3.7	314.3191	+48.2958
139	 6.80	  8.5	315.4038	+68.1633
140	 6.41	 10.0	319.3283	+58.6115
141	 9.40	  1.7	319.1097	+68.2602
142	 8.80	  0.6	324.1710	+57.5023
143	 8.30	  4.8	324.2377	+68.1854
144	 6.00	  1.7	325.1804	+54.8721
145	 7.40	  4.3	325.9049	+48.8838
146	 9.40	  4.5	325.7000	+66.1167
147	 9.50	  0.9	328.1421	+47.2288
148	 8.70	  1.7	331.8208	+56.2340
149	 9.10	  2.6	332.2854	+72.8847
150	 8.40	  5.7	332.4172	+73.3909
151	 4.49	  5.4	333.4697	+39.7149
152	 8.80	  6.8	333.3522	+70.2514
153	 9.40	  1.4	335.8011	+62.7000
154	 8.90	  5.1	337.8066	+65.4662
155	 9.29	  3.1	343.3150	+62.1458
156	 3.62	 94.0	345.4803	+42.3260
157	 7.80	  2.3	345.5656	+72.7304
158	 9.00	  1.7	354.4650	+48.4966