Arial LineSize 20
001 26 100 12 20 0
002 77 100 9 20 0
003 87 100 9 20 0
004 235 100 10 20 0
005 1 120 9 20 0
006 198 60 8 20 0
007 216 80 6 20 -2,-5
015 225 0 20 1 0 
016 0 0 0 0 0
017 0 0 0 0 0
018 0 0 0 0 0
032 225 0 5 1 0
033 48 60 4 20 0
034 103 60 7 20 0
038 90 60 13 20 0
039 110 60 3 20 0,1
040 114 60 7 20 0
041 121 60 7 20 0
043 128 60 11 20 0
044 1 60 4 20 0
045 139 60 8 20 0
046 24 60 4 20 0
047 34 60 6 20 0
048 128 20 10 20 0,1
049 139 20 7 20 0,1
050 150 20 10 20 0,1
051 161 20 10 20 0,1
052 172 20 10 20 0,1
053 183 20 10 20 0,1
054 194 20 10 20 0,1
055 205 20 10 20 0,1
056 216 20 10 20 0,1
057 227 20 10 20 0,1
058 30 60 4 20 0
059 18 60 4 20 0
060 2 100 12 20 0
061 167 60 12 20 0
062 14 100 12 20 0
063 6 60 11 20 0
064 147 60 20 20 0
065 1 0 14 20 0,1
066 16 0 11 20 0,1
067 28 0 13 20 0,1
068 43 0 13 20 0,1
069 57 0 11 20 0,1
070 70 0 10 20 0,1
071 81 0 15 20 0,1
072 97 0 13 20 0,1
073 111 0 4 20 0,1
074 116 0 10 20 0,1
075 127 0 12 20 0,1
076 140 0 9 20 0,1
077 151 0 15 20 0,1
078 167 0 12 20 0,1
079 180 0 16 20 0,1
080 197 0 11 20 0,1
081 209 0 15 20 0,1
082 1 20 12 20 0,1
083 14 20 11 20 0,1
084 26 20 12 20 0,1
085 39 20 12 20 0,1
086 52 20 14 20 0,1
087 67 20 19 20 0,1
088 87 20 12 20 0,1
089 100 20 14 20 0,1
090 115 20 12 20 0,1
091 180 60 5 20 0,1
092 40 60 5 20 0,1
093 186 60 5 20 0,1
095 12 120 10 20 0,1
097 1 40 10 20 0,1
098 12 40 10 20 0,1
099 23 40 10 20 0,1
100 33 40 10 20 0,1
101 44 40 10 20 0,1
102 54 40 7 19 0,1
103 62 40 9 20 0,2
104 72 40 9 20 0,1
105 82 40 3 20 0,1
106 86 40 5 20 -1
107 92 40 9 20 0,1
108 102 40 3 20 0,1
109 106 40 14 20 0,1
110 122 40 9 20 0,1
111 132 40 9 20 0,1
112 143 40 10 20 0,1
113 154 40 10 20 0,1
114 165 40 6 20 0,1
115 172 40 8 20 0,1
116 181 40 6 20 0,1
117 188 40 9 20 0,1
118 198 40 10 20 0,1
119 209 40 15 20 0,1
120 225 40 9 20 0,2
121 235 40 10 20 0,2
122 246 40 9 20 0,1
130 207 60 11 20 0,1
131 219 60 11 20 0,1
132 25 80 10 20 0,1
133 242 60 10 20 0,1
134 1 80 8 20 0,1
135 207 80 9 20 0,1
136 36 80 9 20 0,1
137 223 80 10 20 0,1
138 46 80 3 20 0,1
139 63 80 8 20 0,1
140 72 80 9 20 0,1
141 82 80 9 20 0,1
142 91 80 10 20 0,1
143 184 80 8 20 0,1
144 102 80 9 20 0,1
145 112 80 14 20 0,1
146 127 80 10 20 0,1
147 138 80 11 20 0,1
148 150 80 7 20 0,1
149 158 80 9 20 0,1
150 50 80 12 20 0,1
151 230 60 11 20 0,1
152 193 80 13 20 0,1
153 168 80 15 20 0,1
224 1 140 10 20 0,1
225 12 140 10 20 0,1
226 23 140 10 20 0,1
227 34 140 10 20 0,1
228 45 140 10 20 0,1
229 56 140 10 20 0,1
232 67 140 10 20 0,1
233 68 140 10 20 0,1
234 89 140 10 20 0,1
235 100 140 10 20 0,1
236 111 140 5 20 0,1
237 116 140 3 20 0,2
238 220 140 6 20 0,1
239 127 140 6 20 0,1
241 136 140 10 20 0,1
242 146 140 10 20 0,1
243 157 140 10 20 0,1
244 168 140 10 20 0,1
245 179 140 10 20 0,1
246 190 140 10 20 0,1
247 202 140 10 20 0,1
249 223 140 10 20 0,1
250 234 140 10 20 0,1
251 245 140 10 20 0,1
252 256 140 10 20 0,1