CourierFont LineSize 21
001 175 122 14 21 0
002 87 95 14 21 0
003 96 95 14 21 0
004 244 97 14 21 0
005 2 110 14 21 0
006 230 98 14 21 0
015 246 3 14 21 0
032 246 3 14 21 0
033 104 98 14 21 0
034 175 98 14 21 0
038 161 98 14 21 0
039 191 98 14 21 0
040 203 98 14 21 0
041 218 98 14 21 0
043 61 122 14 21 0
044 5 98 14 21 0
045 75 122 14 21 0
046 46 98 14 21 0
047 74 98 14 21 0
048 133 26 14 21 0
049 147 26 14 21 0
050 161 26 14 21 0
051 175 26 14 21 0
052 189 26 14 21 0
053 204 26 14 21 0
054 219 26 14 21 0
055 233 26 14 21 0
056 2 47 14 21 0
057 16 47 14 21 0
058 61 98 14 21 0
059 33 98 14 21 0
060 133 26 14 21 0
061 104 121 14 21 0
062 161 26 14 21 0
063 19 98 14 21 0
064 90 122 14 21 0
065 02 2 14 21 0
066 17 2 14 21 0
067 31 2 14 21 0
068 45 2 14 21 0
069 60 2 14 21 0
070 74 2 14 21 0
071 89 2 14 21 0
072 103 2 14 21 0
073 116 2 14 21 0
074 132 2 14 21 0
075 146 2 14 21 0
076 160 2 14 21 0
077 174 2 14 21 0
078 188 2 14 21 0
079 203 2 14 21 0
080 218 2 14 21 0
081 232 2 14 21 0
082 2 26 14 21 0
083 17 26 14 21 0
084 31 26 14 21 0
085 45 26 14 21 0
086 59 26 14 21 0
087 74 26 14 21 0
088 88 26 14 21 0
089 103 26 14 21 0
090 118 26 14 21 0
091 5 122 14 21 0
092 89 98 14 21 0
093 16 122 14 21 0
095 246 26 14 21 0
097 31 47 13 21 0,1
098 45 47 14 21 0
099 60 47 14 21 0
100 74 47 14 21 0
101 89 47 14 21 0
102 103 47 13 21 0,1
103 117 47 14 21 0
104 131 47 14 21 0
105 147 47 14 21 0
106 161 47 14 21 0
107 174 47 14 21 0
108 188 47 14 21 0
109 203 47 14 21 0
110 218 47 14 21 0
111 232 47 14 21 0
112 4 70 14 21 0
113 19 70 14 21 0
114 34 70 14 21 0
115 49 70 14 21 0
116 63 70 13 21 0,1
117 77 70 14 21 0
118 91 70 14 21 0
119 106 70 14 21 0
120 120 70 14 21 0
121 134 70 14 21 0
122 150 70 14 21 0
224 8 165 14 21 0
225 21 165 14 21 0
226 35 165 14 21 0
227 49 165 14 21 0
228 63 165 14 21 0
229 77 165 14 21 0
231 90 165 14 21 0
232 104 165 14 21 0
233 119 165 14 21 0
234 132 165 14 21 0
235 146 165 14 21 0
236 162 165 14 21 0
237 176 165 14 21 0
238 189 165 14 21 0
239 203 165 14 21 0
241 217 165 14 21 0
242 230 165 14 21 0
243 6 194 14 21 0
244 20 194 14 21 0
246 34 194 14 21 0
248 48 194 14 21 0
249 62 194 14 21 0
250 76 194 14 21 0
251 90 194 14 21 0
252 104 194 14 21 0