Spacefont LineSize 19
001 35 96 10 13 0
002 87 95 9 17 0
003 96 95 9 17 0
004 244 97 10 15 0
005 2 110 9 17 0
006 69 57 7 7 0
007 231 131 6 19 -2,-5
015 246 3 20 1 0
016 0 0 0 0 0
017 0 0 0 0 0
018 0 0 0 0 0
032 246 3 5 1 0
033 47 57 3 15 0
034 100 55 5 8 0
038 86 55 13 16 0
039 106 57 2 6 0
040 110 56 7 16 0
041 116 56 7 16 0
043 139 58 12 15 0
044 2 58 3 17 0
045 152 59 7 9 0
046 23 57 3 15 0
047 32 57 7 16 0
048 144 19 11 15 0
049 157 19 5 15 0
050 163 19 10 15 0
051 174 19 10 15 0
052 184 19 11 15 0
053 195 19 10 15 0
054 207 19 10 15 0
055 218 19 9 15 0
056 228 19 10 15 0
057 240 19 10 15 0
058 29 55 3 17 0
059 17 58 4 16 1
060 3 94 10 15 0
061 175 56 12 12 0
062 16 94 10 15 0
063 6 57 10 14 0
064 160 57 12 15 0
065 2 3 17 15 -2
066 20 3 12 15 0
067 33 3 14 15 0
068 50 3 15 15 0
069 64 3 15 15 0
070 82 3 11 15 0
071 93 3 13 15 0
072 109 3 13 15 0
073 124 3 3 15 0
074 128 3 9 15 -1
075 140 3 12 15 0
076 154 3 8 15 0
077 163 3 18 15 0
078 182 3 13 15 0
079 197 3 16 15 0
080 215 3 12 15 0
081 228 3 16 15 0
082 2 19 14 15 0
083 16 19 15 15 0
084 32 19 14 15 0
085 48 19 12 15 0
086 61 19 14 15 -1
087 76 19 21 15 -1
088 99 19 14 15 0
089 113 19 14 15 0
090 127 19 13 15 0
091 125 56 5 14 0
092 39 57 7 16 0
093 131 57 5 14 0
095 14 111 9 15 0
097 3 35 8 14 0
098 12 35 10 14 0
099 23 35 8 14 0
100 32 35 9 14 0
101 43 35 9 14 0
102 52 35 6 14 0
103 59 35 9 19 0
104 70 35 9 14 0
105 81 35 3 14 0
106 85 35 5 19 -1
107 92 35 10 14 0
108 104 35 3 14 0
109 109 35 15 14 0
110 125 35 9 14 0
111 136 35 10 15 0
112 147 35 10 19 0
113 158 35 9 19 0
114 169 35 6 14 0
115 175 35 10 14 -1
116 187 35 5 14 0
117 193 35 9 14 0
118 203 35 9 14 0
119 212 35 15 14 0
120 227 35 10 14 0
121 237 35 9 19 0
122 247 35 9 14 0
130 212 55 12 19 0
131 224 55 11 19 0
132 22 75 9 19 0
133 246 55 10 19 0 
134 2 75 8 19 0
135 232 75 9 19 0
136 31 75 10 19 0
137 127 75 10 19 0
138 42 75 7 19 0
139 61 75 11 19 0
140 72 75 11 19 0
141 83 75 11 19 0
142 94 75 11 19 0
143 208 75 9 19 0
144 105 75 11 19 0  
145 116 75 11 19 0
146 137 75 10 19 0
147 148 75 12 19 0
148 160 75 9 19 0
149 168 75 11 19 0
150 11 75 11 19 0
151 235 55 11 19 0
152 218 75 13 19 0
153 194 75 14 19 0
224 2 131 8 14 0
225 11 131 8 14 0
226 20 131 8 14 0
227 29 131 8 14 0
228 38 131 8 14 0
229 47 131 8 14 0
232 56 131 8 14 0
233 65 131 8 14 0
234 74 131 8 14 0
235 83 131 8 14 0
236 91 131 4 14 0
237 98 131 4 14 0
238 103 131 5 14 0
239 110 131 3 14 0
241 114 131 9 14 0
242 124 131 10 15 0
243 135 131 10 15 0
244 146 131 10 15 0
245 157 131 10 15 0
246 168 131 10 15 0
247 179 131 10 15 0
249 190 131 9 14 0
250 200 131 9 14 0
251 210 131 9 14 0
252 220 131 9 14 0