8
109
344
516
664
781
883
1236
1803
2125
2286
2546
3277
3949
4157
4279
4284
4530
5038
5227
5348
5438
5951
6501
6584
6759
6867
6888
6952
7183
7323
7372
7496
7548
7682
7940
7986
8132
8485
8821
8985
9057
9258
9487
9677
9767
10013
10687
10826
11192
11350
11910
12193
12199
12373
12674
12682
12884
13074
13293
13396
13502
13999
14042
14273
14542
14700
14736
15003
15092
16126
16339
16496
16647
16772
16775
16803
17167
17447
17530
17543
17955
18080
18216
18336
18339
18517
18673
18694
19062
19238
19248
19380
19398
19424
19533
19567
19571
19610
19722
19725
19893
19917
19931
20045
20657
20993
21050
21063
21080
21192
21241
21252
21278
21281
21444
21766
22000
22127
22170
22229
22256
22326
22370
22454
22574
22663
23106
23196
23203
23321
23596
23636
23755
23833
24055
24126
24215
24318
24436
24468
24603
24824
24827
24943
25194
25281
25394
25412
25472
25673
25681
25732
25760
25776
25864
25930
25954
25981
26032
26063
26069
26182
26233
26243
26263
26264
26284
26300
26354
26442
26464
26612
26656
26728
26742
26754
26868
27170
27286
27341
27400
27462
27748
27810
27843
27925
28039
28321
28434
28489
28714
28770
28778
28973
29103
29276
29441
29455
29488
29847
30174
30263
30301
30324
30326
30351
30426
30587
30786
30891
30993
31008
31017
31068
31099
31116
31125
31180
31349
31371
31379
31457
31906
32115
32408
32504
32512
32570
32745
32810
32838
32839
32937
33063
33237
33260
33261
33441
33721
33844
33864
33868
33874
33953
33971
33977
34000
34049
34080
34105
34221
34287
34342
34396
34401
34448
34579
34646
34684
34724
34792
34798
34817
34859
34899
34922
35029
35036
35156
35168
35187
35212
35300
35407
35412
35415
35461
35487
35600
35812
35831
35960
36043
36093
36186
36246
36314
36377
36423
36605
36608
36666
36669
36682
36683
36685
36728
36992
37012
37126
37173
37174
37296
37459
37515
37668
37692
37751
37893
37925
37966
37982
38110
38167
38416
38438
38455
38650
38772
38866
38907
38957
38965
39017
39042
39084
39153
39162
39225
39264
39290
39310
39329
39341
39360
39530
39687
39751
39757
39791
39873
39885
39919
39967
40060
40066
40155
40178
40233
40277
40285
40330
40593
40596
40666
40750
40777
40853
41058
41061
41302
41361
41475
41515
41586
41588
41644
41784
41793
41882
41906
42177
42257
42315
42321
42433
42519
42536
42540
42712
42715
42726
42794
42819
42831
42926
42975
43071
43123
43205
43443
43541
43736
43763
43812
43835
43905
43936
44164
44245
44337
44368
44626
44650
44655
44790
44800
44813
44847
44995
44996
45009
45079
45094
45171
45189
45392
45548
45615
45692
45823
45887
45949
46159
46223
46224
46241
46295
46340
46452
46502
46806
46810
46845
46881
46924
46928
46985
46988
47066
47074
47131
47145
47272
47427
47478
47591
47694
47743
47854
47892
47893
48054
48155
48185
48188
48199
48316
48469
48520
48527
48580
48589
48662
48761
48782
48832
49026
49209
49375
49393
49524
49642
49751
49940
50070
50088
50212
50230
50550
50655
50697
50702
50722
50775
50780
50885
50966
51084
51087
51192
51246
51262
51310
51338
51412
51429
51624
51632
51653
51791
51802
51857
52004
52009
52043
52059
52221
52274
52291
52381
52526
52538
52567
52570
52624
52634
52661
52789
52816
53109
53154
53397
53449
53530
53536
53589
53806
53905
53945
54026
54060
54101
54179
54255
54360
54543
54659
54715
54807
54862
55207
55292
55355
55675
55726
55736
55953
56176
56196
56246
56991
57067
57072
57173
57237
57260
57264
57642
57895
57917
57936
58107
58434
58504
58587
58748
58783
58835
58854
59173
59229
59267
59404
59483
59551
59665
59676
59678
59811
59844
59921
59935
60106
60128
60259
60455
60502
60812
60984
61136
61286
61620
61667
61836
61882
61910
61981
62064
62086
62376
62434
62712
62773
62986
63007
63175
63210
63250
63372
63592
63849
64120
64130
64210
64320
64425
64433
64471
64520
64569
64661
64737
64769
64834
64969
65112
65225
65398
65474
65492
65590
65715
65755
65776
65835
65839
65970
65977
66078
66100
66200
66394
66407
66466
66607
66696
66825
67036
67064
67186
67226
67254
67324
67359
67419
67464
67556
67566
67626
67682
67744
68673
68692
68718
68842
68979
69029
69174
69256
69300
69346
69389
69403
69491
69754
69779
69781
69816
69828
69847
69848
69929
70020
70203
70270
70300
70346
70530
70553
70574
70621
70669
70945
71048
71052
71077
71116
71352
71359
71492
71727
71860
71868
71929
71967
72032
72121
72138
72257
72264
72268
72367
72377
72583
72710
72773
72800
73047
73152
73247
73473
73479
73483
73595
73710
73937
74066
74112
74350
74558
74765
74778
74825
74950
75018
75144
75234
75325
75393
75420
75430
75665
75689
75818
75836
75847
75961
76011
76152
76161
76243
76297
76371
76377
76454
76480
76918
76987
77027
77058
77227
77645
77657
77859
77909
77910
78231
78246
78265
78476
78523
78533
78746
78756
78877
78976
78978
79212
79233
79530
79932
79942
80024
80112
80395
80405
80442
80478
80531
80550
80557
80563
80603
80645
80714
80782
80788
80791
80802
80945
81243
81334
81477
81478
81506
81508
81519
81530
81589
81650
81703
81747
81893
82129
82335
82339
82442
82514
82531
82554
82583
82588
82691
82819
82833
82848
82911
82912
82982
82985
83059
83150
83255
83304
83322
83457
83491
83499
83674
83706
83802
83943
83972
84025
84027
84282
84311
84409
84479
84500
84686
84763
84970
85035
85057
85095
85467
85501
85569
85680
85701
85812
85820
85927
85944
85985
85997
86011
86060
86269
86306
86374
86432
86487
86650
86658
86670
86971
87043
87072
87163
87173
87190
87191
87257
87302
87314
87495
87580
87616
87624
87810
87812
87860
87886
88069
88517
88567
88601
88838
88853
88884
88905
88946
88994
89225
89238
89258
89276
89470
89499
89510
89568
89596
89601
89637
89681
89753
89955
89968
90001
90019
90026
90241
90267
90313
90382
90493
90671
90797
90815
90836
90950
90971
90990
91001
91020
91193
91224
91316
91327
91342
91389
91494
91697
91718
91726
91774
91832
91867
91910
92013
92235
92370
92491
92629
92649
92680
92776
92865
92989
93015
93174
93272
93476
93502
93595
93681
93724
93732
93785
93809
93820
93844
93887
93990
94004
94169
94402
94706
94738
94793
94824
95159
95160
95672
95755
95820
96007
96234
96309
96580
96644
96647
96665
96714
96721
96739
96873
96967
97065
97303
97590
97600
97644
97649
97684
97749
97756
97794
97804
97849
97944
98031
98077
98334
98539
98757
98815
98893
99042
99310
99333
99365
99453
99615
99802
100033
100048
100107
100234
100253
100746
100869
100926
100935
101063
101236
101286
101615
101888
101968
101985
102041
102082
102217
102353
102409
102412
102427
102508
102546
102650
102829
103168
103261
103320
103419
103542
103545
103616
103656
103803
104043
104130
104382
104604
104634
105019
105382
105404
105448
105539
105614
106200
106476
106764
106929
106981
107231
107390
107487
107525
107556
107823
107899
108236
108478
108486
108508
108630
108684
108741
108797
108888
108976
109089
109283
109610
109884
110099
110146
110364
110464
110509
110697
110736
111162
111257
111385
111452
111506
111718
111833
111946
112009
112088
112317
112355
112781
112784
112960
113252
113402
113405
113532
113598
114127
114206
114217
114515
114639
114817
115188
115242
115647
115858
115908
116435
116681
116883
117054
117254
117629
117703
117738
117853
117931
118002
118249
118277
4843
11767
20315
59767
74866
79069
82080
117670
270
3572
5976
11894
12805
13221
17333
20896
21913
24254
35690
38900
46005
59504
59796
60331
61281
73474
89908
97678
99037
101750
106032
106024
106226
106583
108646
109191
111849
114831
115262
723
834
1805
3839
5239
5688
7192
7280
7512
7965
9635
9906
11318
11569
12543
12821
12906
13133
13276
13367
13797
14377
21059
25740
26753
27199
28607
31259
32549
34435
35681
37934
41488
45693
46099
50222
50685
51876
52546
60180
62126
63076
66263
69627
71631
72198
76196
81014
81679
82056
83866
93187
97263
99863
101862
102445
104451
106604
107083
107913
108073
108317
108426
108957
109311
109505
112562
112972
113385
113461
113738
113853
113907
114344
114904
115267
623
746
1162
1415
1550
1735
1834
1921
2085
2347
2813
3346
5161
5674
6189
6287
7145
8115
8704
9306
9990
10141
10633
10704
10961
10981
11093
11174
11346
12178
13262
13446
14049
14936
15063
15193
16228
17590
18151
18260
18585
19057
20004
20070
21046
23743
23768
24645
24836
27469
27971
30651
31359
33824
34362
35977
39944
40230
47364
47727
47756
48319
50097
55383
56158
56330
58225
61237
61532
62956
64636
66700
67231
70291
75641
78721
80961
81284
82249
82884
84837
85277
91052
91983
92512
92835
95611
95691
96620
98121
98165
98379
101068
101439
102358
102524
103471
104029
104573
105690
107036
108772
108938
109124
109193
109340
110968
110991
111633
111972
112026
112247
112470
112626
112675
113263
113316
113797
115244
115990
116210
117957
118188
118223
817
988
1233
3414
6560
7493
7511
7651
10027
12039
12478
12891
14264
14576
14673
15988
16470
16516
16644
17042
17846
18662
19992
20354
22272
22445
23416
23453
23657
24201
24281
24476
25284
26128
28360
28628
29108
29565
33389
33643
34778
36965
37847
40651
41782
45649
50389
51361
52599
52602
56135
58112
58157
58648
64844
65006
66609
70240
71965
73454
73695
79101
79992
81815
83370
84014
84038
84670
84949
86414
91250
93808
93907
94619
95497
95543
96011
96292
97068
97634
99252
99370
99675
99848
100142
100193
100219
100250
100308
100859
101949
102622
103126
103968
104196
104483
105584
105866
106009
106642
106812
108348
108606
108728
109002
109082
109303
109354
110373
110408
110622
110972
111072
111360
112000
112778
113281
114106
114537
115036
115065
115755
116584
116870
117111
117647
117936
118214
63
1901
4129
5450
9500
9779
10077
10280
11272
12136
12557
13118
13775
16591
17448
17886
18912
19178
19201
19335
19391
20570
21144
22050
22275
23013
23360
23433
23733
24350
24744
24740
24799
25050
25252
25565
25733
25877
28380
28851
30270
30822
30827
31173
31485
31579
32263
33166
36412
37197
37775
40641
42432
43685
47886
48020
54003
56109
63125
64293
64956
67357
67410
67803
71487
74881
75143
76844
77501
77598
78235
81066
81191
84573
86392
86711
86946
87958
88923
89419
90293
91671
92420
93104
93214
93210
93633
93926
95459
95833
96189
97485
97584
97629
98289
98422
98729
98852
98856
98955
99021
99031
99246
99279
99415
99653
100135
100214
100227
100258
101569
101748
102276
102648
102953
102999
104185
104371
104747
105162
105269
105437
105739
107242
111400
112031
112928
113052
115563
116108
1799
2355
3693
4316
5007
5746
5772
5914
8796
9383
10576
10714
11982
14610
14893
15361
15627
16042
16879
18485
18972
19171
19513
20186
20262
20493
21604
22402
23151
24019
24663
26606
26708
27562
28041
28166
28716
29225
29352
29589
29655
29793
29840
31595
32459
33890
34088
34356
41574
45483
46843
49018
49220
52465
55146
59015
60904
65915
68064
71490
71995
75232
75695
78259
80843
82346
83814
84054
84948
86709
87245
87747
87933
88537
89862
89999
90483
90697
90919
92036
92478
92708
93275
93603
94685
94822
95163
95260
95512
96034
96458
96467
96966
97091
97150
97472
97681
97717
98212
98504
99738
99927
100242
100719
101657
102949
103191
103833
104015
104135
104643
106897
107960
111191
113410
114024
114025
114189
115250
115991
116119
117185
117915
316
1067
1559
8968
10155
10701
11369
11390
13092
15506
17826
18033
18474
18724
20019
20963
21082
21517
21621
22667
23607
24103
24906
25278
25577
26064
27119
27183
28142
28519
29186
29321
30019
30286
31404
32612
33944
34038
34474
36209
36822
37708
40534
40977
42485
42594
42853
42917
45597
48036
52066
52580
54711
56947
57126
58605
62484
65069
66179
70287
70826
75170
75269
75861
76866
77615
80463
80488
82253
82516
82526
83308
83921
84293
85302
86809
87655
87643
87965
88272
90015
90599
90727
92177
92374
92593
93124
93259
93349
94094
94588
94910
94982
96840
98085
98826
98954
99540
101195
101512
101810
102246
102281
102330
103083
104478
105882
107099
114114
115627
116434
116611
1196
1435
2080
6307
8210
9809
10099
12113
12387
13199
13937
15090
15457
15858
17988
18957
20715
21575
21633
22797
23245
23328
25235
25473
26048
28271
29787
30185
30219
30541
31065
31697
31739
31934
32397
36675
36888
37232
37705
38406
38987
40689
43653
44359
45846
