#Al-Thurayya
3 3.579898 8.96721 3.412425333 18.66599 3.22448 28.32728 2 2604 2603
3 3.22448 28.32728 3.692428 29.90548 4.171958 31.22282 2 2604 0199
3 4.420137333 11.52114 3.997468667 10.36583 3.579898 8.96721 2 2604 5699
#Al-Dabaran
3 4.420137333 11.52114 4.304482667 21.3822 4.171958 31.22282 2 2605 2604
3 4.171958 31.22282 4.661720667 32.25237 5.159636 32.97164 2 2605 0199
3 5.277860667 13.03732 4.847250667 12.41619 4.420137333 11.52114 2 2605 5699
#Al-Haqaah
2 5.303383333 8.05149 5.277860667 13.03732 2 4201 0199
3 5.277860667 13.03732 5.223159333 23.00693 5.159636 32.97164 2 2605 4201
3 5.159636 32.97164 5.66298 33.36411 6.168573333 33.42048 2 4201 0199
3 6.139492667 8.42373 5.721057333 8.37707 5.303383333 8.05149 2 4201 5699
2 6.143595333 12.42327 6.139492667 8.42373  2 4201 5699
#Al-Hanaah
3 6.143595333 12.42327 6.155692 23.42192 6.168573333 33.42048 2 4206 4201
3 6.168573333 33.42048 6.673036 33.13939 7.173090667 32.52755 2 4206 0199
3 7.002364667 11.6598 6.573873333 12.18353 6.143595333 12.42327 2 4206 5699
#Al-Thira'
2 7.182854667 33.51998 7.173090667 32.52755 2 2801 0199
3 7.002364667 11.6598 7.085357333 22.59553 7.173090667 32.52755 2 2801 4206
2 7.002364667 11.6598 6.960184 5.69245 2 2801 5699
3 7.182854667 33.51998 7.679335333 32.58438 8.165781333 31.35126 2 2801 0199
3 7.773892667 3.90305 7.368562 4.92519 6.960184 5.69245 2 2801 5699
2 8.165781333 31.35126 8.148964 30.37499 2 2801 0199
2 7.862182667 10.77887 7.773892667 3.90305 2 2801 5699
#Al-Nathrah
3 7.862182667 10.77887 7.996272667 20.59016 8.148964 30.37499 2 2803 2801
3 8.148964 30.37499 8.620876667 28.88053 9.080715333 27.1449 2 2803 0199
3 8.695476667 7.90924 8.281505333 9.45929 7.862182667 10.77887 2 2803 5699
#Al-Tarf
3 8.695476667 7.90924 8.877778667 17.54795 9.080715333 27.1449 2 2804 2803
3 9.080715333 27.1449 9.528309333 25.19915 9.964072667 23.07518 2 2804 0199
3 9.507275333 4.20358 9.103993333 6.14977 8.695476667 7.90924 2 2804 5699
#Al-Jabhah
2 10.041378 25.8835 9.964072667 23.07518 2 2805 0199
3 9.507275333 4.20358 9.726452667 13.66285 9.964072667 23.07518 2 2805 2804
3 10.041378 25.8835 10.46928 23.58941 10.88636933 21.18494 2 2805 0199
3 10.30049267 -0.15285 9.905845333 2.09451 9.507275333 4.20358 2 2805 5699
#Al-Zubrah
2 10.94300733 23.02356 10.88636933 21.18494 2 2806 0199
3 10.30049267 -0.15285 10.54560667 9.1528 10.88636933 21.18494 2 2806 2805
3 10.94300733 23.02356 11.35135467 20.53097 11.751604 17.99255 2 2806 0199
3 11.08231733 -4.96178 10.69224333 -2.51342 10.30049267 -0.15285 2 2806 5699
#Al-Sarfah
3 11.08231733 -4.96178 11.34345133 4.24097 11.751604 17.99255 2 2807 2806
3 11.751604 17.99255 12.14556467 15.43678 12.53501 12.8909 2 2807 0199
3 11.86309067 -10.01852 11.47209733 -7.47218 11.08231733 -4.96178 2 2807 5699
#Al-Awwa
2 12.59121467 14.71566 12.53501 12.8909 2 2808 0199
3 11.86309067 -10.01852 12.13107867 -0.85221 12.53501 12.8909 2 2808 2807
3 12.59121467 14.71566 12.97617267 12.21324 13.35947867 9.77573 2 2808 0199
3 12.65517133 -15.11204 12.25689733 -12.57421 11.86309067 -10.01852 2 2808 5699
2 13.35947867 9.77573 13.17761067 3.32105 2 2808 0199
#Al-Simak
3 12.65517133 -15.11204 12.92077467 -5.9092 13.17761067 3.32105 2 2809 2808
3 13.17761067 3.32105 13.568658 0.92838 13.962216 -1.35952 2 2809 0199
3 13.47173733 -20.02097 13.05957733 -17.60395 12.65517133 -15.11204 2 2809 5699
#Al-Ghafr
3 13.47173733 -20.02097 13.72459333 -10.71179 13.962216 -1.35952 2 2810 2809
3 13.962216 -1.35952 14.359378 -3.51745 14.76101733 -5.52063 2 2810 0199
3 14.32515667 -24.50938 13.89316 -22.33311 13.47173733 -20.02097 2 2810 5699
#Al-Zubana
3 14.32515667 -24.50938 14.552874 -15.03832 14.76101733 -5.52063 2 2901 2810
3 14.76101733 -5.52063 15.16774933 -7.34492 15.579898 -8.96721 2 2901 0199
3 15.22448 -28.32728 14.76873533 -26.5181 14.32515667 -24.50938 2 2901 5699
#Al-Ikleel
3 15.22448 -28.32728 15.41242533 -18.66599 15.579898 -8.96721 2 2902 2901
3 15.579898 -8.96721 15.99746867 -10.36583 16.42013667 -11.52114 2 2902 0199
3 16.171958 -31.22282 15.692428 -29.90548 15.22448 -28.32728 2 2902 5699
#Al-Qalb
3 16.171958 -31.22282 16.30448267 -21.3822 16.42013667 -11.52114 2 2903 2902
3 16.42013667 -11.52114 16.84725067 -12.41619 17.27786067 -13.03732 2 2903 0199
3 17.15963533 -32.97164 16.66172067 -32.25237 16.171958 -31.22282 2 2903 5699
#Al-Shawlah
2 17.15963533 -32.97164 17.12242 -37.95095 2 2906 5699
3 17.15963533 -32.97164 17.22315867 -23.00693 17.27786067 -13.03732 2 2906 2903
3 17.27786067 -13.03732 17.71077533 -13.37477 18.14463867 -13.42315 2 2906 0199
3 18.17614467 -38.41964 17.64786933 -38.36074 17.12242 -37.95095 2 2906 5699
#Al-Nayem
3 18.17614467 -38.41964 18.155692 -23.42192 18.14463867 -13.42315 2 3099 2906
3 18.14463867 -13.42315 18.578026 -13.18168 19.00954667 -12.65424 2 3099 0199
3 19.22432267 -37.48784 18.70299933 -38.12605 18.17614467 -38.41964 2 3099 5699
2 19.17309 -32.52755 19.22432267 -37.48784 2 3099 5699
#Al-Baldah
3 19.17309 -32.52755 19.08535733 -22.59553 19.00954667 -12.65424 2 3005 3099
3 19.00954667 -12.65424 19.43794467 -11.84916 19.86218267 -10.77887 2 3005 0199
3 20.148964 -30.37499 19.66583667 -31.5992 19.17309 -32.52755 2 3005 5699
#Al-Dhabih
3 20.148964 -30.37499 19.99627267 -20.59016 19.86218267 -10.77887 2 3199 3005
3 19.86218267 -10.77887 20.28150533 -9.45929 20.69547667 -7.90924 2 3199  0199
3 21.08071533 -27.1449 20.62087667 -28.88053 20.148964 -30.37499 2 3199 5699
#Bulaa
3 21.08071533 -27.1449 20.87777867 -17.54795 20.69547667 -7.90924 2 3299 3199
3 20.69547667 -7.90924 21.10399333 -6.14977 21.50727533 -4.20358 2 3299 0199
3 21.96407267 -23.07518 21.52830933 -25.19915 21.08071533 -27.1449 2 3299 5699
#Souud
3 21.96407267 -23.07518 21.72645267 -13.66285 21.50727533 -4.20358 2 3399 3299
3 21.50727533 -4.20358 21.90584467 -2.09451 22.30049267 0.15285 2 3399 0199
3 22.80397533 -18.41941 22.38888733 -20.80485 21.96407267 -23.07518 2 3399 5699
#Al-Akhbiyah
2 22.25185933 2.01513 22.30049267 0.15285 2 3499 0199
3 22.80397533 -18.41941 22.54560667 -9.1528 22.30049267 0.15285 2 3499 3399
3 22.25185933 2.01513 22.64137533 4.36273 23.02964733 6.80092 2 3499 0199
3 23.610924 -13.42351 23.21079 -15.94919 22.80397533 -18.41941 2 3499 5699
#Al-Muqaddam
2 22.427916 25.95567 23.02964733 6.80092 2 2502 0199
3 23.610924 -13.42351 23.34345133 -4.24097 23.02964733 6.80092 2 2502 3499
3 22.427916 25.95567 22.790058 28.34413 23.15765733 30.80851 2 2502 0199
3 0.397784 -8.31827 0.006034 -10.87071 23.610924 -13.42351 2 2502 5699
2 23.15765733 30.80851 23.36240533 25.45362 2 2502 0199
#Al-Muakhar
3 0.397784 -8.31827 0.131078667 0.85221 23.36240533 25.45362 2 2504 2502
3 23.36240533 25.45362 23.74568267 27.99224 0.137493333 30.54795 2 2504 0199
3 1.177610667 -3.32105 0.787795333 -5.79297 0.397784 -8.31827 2 2504 5699
#Al-Risha
2 23.83770867 37.63143 0.137493333 30.54795 2 2550 0199
3 1.177610667 -3.32105 0.920774667 5.9092 0.137493333 30.54795 2 2550 2504
3 23.83770867 37.63143 0.23224 40.18733 0.642717333 42.72661 2 2550 0199
3 1.962216 1.35952 1.568658 -0.92838 1.177610667 -3.32105 2 2550 5699
2 0.642717333 42.72661 1.417968 21.87373  2 2550 0199
#Al-Sharatan
3 1.962216 1.35952 1.724593333 10.71179 1.417968 21.87373 2 2602 2550
3 1.417968 21.87373 1.841229333 24.20072 2.275842 26.39457 2 2602 0199
3 2.761017333 5.52063 2.359378 3.51745 1.962216 1.35952 2 2602 5699
#Al-Butain
2 2.198742667 29.21484 2.275842 26.39457 2 2603 0199
3 2.761017333 5.52063 2.552874 15.03832 2.275842 26.39457 2 2603 2602
3 2.198742667 29.21484 2.650943333 31.27307 3.117785333 33.13455 2 2603 0199
3 3.579897333 8.96721 3.167749333 7.34492 2.761017333 5.52063 2 2603 5699
2 3.117785333 33.13455 3.22448 28.32728 2 2603 0199
